#area fthick[mm]     sample      mass[g]  diam[mm] thick[mm]   line  egam[keV]    Igam       epsi     Cgam      tirr[s]   twait[s] tcount[s]       protons      BIF
NEAR    0            CC1_12cm     0.0512    13        0.0199     11    411.8      0.956    0.005735   228195     478623     121899     312        9.0652E+17     1
NEAR    0            CC1_9cm      0.0512    13        0.0199     11    411.8      0.956    0.008724   354686     478623     113345     318        9.0652E+17     1
NEAR    0            AGF_12cm     0.052     13        0.0203     11    411.8      0.956    0.005735   244719     478623     120738     312        9.0652E+17     1
NEAR    0            AGF_9cm      0.052     13        0.0203     11    411.8      0.956    0.008724   9276779    478623     102633     7672       9.0652E+17     1
NEAR    0            BD9_12cm     0.052     13        0.0203     11    411.8      0.956    0.005735   237737     478623     121327     312        9.0652E+17     1
NEAR    0            BD9_9cm      0.052     13        0.0203     11    411.8      0.956    0.008724   372095     478623     112108     319        9.0652E+17     1
NEAR    10           B2           0.049     13        0.0191     11    411.8      0.956    0.008724   450412     550855     156874     15026      9.8914E+17     1
NEAR    10           C2           0.048     13        0.0187     11    411.8      0.956    0.008724   449459     550855     217474     15025      9.8914E+17     1
NEAR    10           A2           0.0506    13        0.0197     11    411.8      0.956    0.008724   641573     550855     124474     15035      9.8914E+17     1
NEAR    15           C4           0.0519    13        0.0202     11    411.8      0.956    0.008724   355781     605354     245939     14420      1.1694E+18     1
NEAR    15           C4_redo      0.0524    13        0.0204     11    411.8      0.956    0.008724   173244     605354     260693     7210       1.1694E+18     1
NEAR    15           A4           0.051     13        0.0199     11    411.8      0.956    0.008724   1162275    605354     172643     36066      1.1694E+18     1
NEAR    15           B4           0.0541    13        0.0211     11    411.8      0.956    0.008724   400161     605354     229917     14423      1.1694E+18     1
NEAR    15           B4_redo      0.0541    13        0.0211     11    411.8      0.956    0.008724   49083      605354     704195     7203       1.1694E+18     1
NEAR    15           B4_12cm      0.0541    13        0.0211     11    411.8      0.956    0.005735   28235      605354     750471     7202       1.1694E+18     1
NEAR    30           AGF          0.0528    13        0.0206     11    411.8      0.956    0.008724   930122     1183905    129262     28828      2.2249E+18     1
NEAR    30           CC1          0.0495    13        0.0193     11    411.8      0.956    0.008724   251915     1183905    189202     8407       2.2249E+18     1
NEAR    30           BD9          0.052     13        0.0203     11    411.8      0.956    0.008724   175724     1183905    198145     6605       2.2249E+18     1
