#area fthick[mm]      sample     mass[g]  diam[mm] thick[mm]  line  egam[keV]     Igam         epsi         Cgam     tirr[s]  twait[s] tcount[s]    protons     BIF
NEAR      0.00    Au1           0.0189         5.0     0.050    11      411.8   9.5620e-01   8.6184e-03    1.493e+07   495888     24480     37756   8.792e+17   1.0
NEAR      0.00    Au2           0.0083         5.0     0.022    11      411.8   9.5620e-01   0.00861837    5.837e+06   159258     26039     72354   2.346e+17   1.0
NEAR      0.00    Au3           0.0087         5.0     0.023    11      411.8   9.5620e-01   0.00861837    4.757e+06   346376     78540     29740   5.900e+17   1.0
NEAR      0.0     RefAu2        0.0083         5.0     0.022    11      411.8   9.5620e-01   0.00861837    23688659    568672     28680    133112   8.631E+17   1.0         
NEAR      0.0     RefAuS2       0.0087         5.0     0.023    11      411.8   9.5620e-01   0.00861837     4757369    346376     78540     29740   5.90E+17    1.0        
NEAR      2.50    Au            0.0094         5.0     0.025    11      411.8   9.5620e-01   8.6184e-03    6.875e+05    19764    186588     73386   7.230e+17   1.0
NEAR      2.50    AuAg_5mm      0.0094         5.0     0.025    11      411.8   9.5620e-01   8.6184e-03    6.747e+05   475016    186600     73386   7.230e+17   1.0
NEAR      7.50    Au            0.0085         5.0     0.0224   11      411.8   9.5620e-01   8.6184e-03    8.671e+05    47808     28500     88740   1.815e+18   1.0
NEAR     15.00    AuAg_5mm      0.0097         5.0     0.0256   11      411.8   9.5620e-01   8.6184e-03    5.829e+05  1079326     25500     86670   1.652e+18   1.0
NEAR     20.00    AuAg_5mm      0.0088         5.0     0.023    11      411.8   9.5620e-01   8.6184e-03    3.924e+05   647244     26100     82467   1.058e+18   1.0
NEAR     25.00    AuAg_5mm      0.0087         5.0     0.023    11      411.8   9.5620e-01   8.6184e-03    2.526e+05   579418     26040     65117   1.076e+18   1.0
NEAR     25.00    AuCe_5mm      0.0085         5.0     0.0224   11      411.8   9.5620e-01   8.6184e-03    3.479e+05  1091616     27960     86635   1.789e+18   1.0
NEAR     30.00    AuAg_5mm      0.0086         5.0     0.0227   11      411.8   9.5620e-01   8.6184e-03    2.313e+05   569755     26820     86750   9.511e+17   1.0
NEAR     30.00    AuCe_5mm      0.0087         5.0     0.023    11      411.8   9.5620e-01   8.6184e-03    2.070e+05   661432     24360     83421   1.035e+18   1.0
NEAR     30.00    AuGe_5mm      0.0088         5.0     0.023    11      411.8   9.5620e-01   8.6184e-03    2.053e+05   660589    113040     86453   1.155e+18   1.0
NEAR     35.00    AuAg_5mm      0.0083         5.0     0.022    11      411.8   9.5620e-01   8.6184e-03    1.953e+05   570599     24360     86756   9.721e+17   1.0
NEAR     35.00    Au_5mm        0.0094         5.0     0.025    11      411.8   9.5620e-01   8.6184e-03    4.024e+05   581074     24540    173176   9.237e+17   1.0
