#  1           2       3         4        5         6    7          8         9        10         11         12        13        14        15      16
#area fthick[mm]  sample   mass[g] diam[mm] thick[mm] line  egam[keV]      Igam      epsi     Counts    tirr[s]  twait[s] tcount[s]  nprotons     BIF
NEAR         0.0      C1    0.0507     13.0    0.0198   11    411.800 9.562e-01 3.064e-03  1.437e+06     491770    830434     30006 7.980e+17     1.0   
NEAR         0.0      C1    0.0507     13.0    0.0198   12    675.880 8.050e-03 2.126e-03  8.234e+03     491770    830434     30006 7.980e+17     1.0   
NEAR         0.0      C1    0.0507     13.0    0.0198   21    355.730 8.700e-01 3.396e-03  1.625e+04     491770    830434     30006 7.980e+17     1.0   
NEAR         0.0      C1    0.0507     13.0    0.0198   22    333.030 2.290e-01 3.557e-03  4.372e+03     491770    830434     30006 7.980e+17     1.0   
NEAR         0.0      D9    0.0509     13.0    0.0198   11    411.800 9.562e-01 3.064e-03  1.189e+06     491770    807145     22543 7.980e+17     1.0   
NEAR         0.0      D9    0.0509     13.0    0.0198   12    675.880 8.050e-03 2.126e-03  7.013e+03     491770    807145     22543 7.980e+17     1.0   
NEAR         0.0      D9    0.0509     13.0    0.0198   21    355.730 8.700e-01 3.396e-03  1.283e+04     491770    807145     22543 7.980e+17     1.0   
NEAR         0.0      D9    0.0509     13.0    0.0198   22    333.030 2.290e-01 3.557e-03  3.602e+03     491770    807145     22543 7.980e+17     1.0   
NEAR         0.0      GF    0.0440     13.0    0.0172   11    411.800 9.562e-01 3.064e-03  1.107e+06     491770    782182     22524 7.980e+17     1.0   
NEAR         0.0      GF    0.0440     13.0    0.0172   12    675.880 8.050e-03 2.126e-03  6.268e+03     491770    782182     22524 7.980e+17     1.0   
NEAR         0.0      GF    0.0440     13.0    0.0172   21    355.730 8.700e-01 3.396e-03  1.137e+04     491770    782182     22524 7.980e+17     1.0   
NEAR         0.0      GF    0.0440     13.0    0.0172   22    333.030 2.290e-01 3.557e-03  3.029e+03     491770    782182     22524 7.980e+17     1.0   
NEAR        10.0      C1    0.0507     13.0    0.0198   11    411.800 9.562e-01 3.064e-03  5.248e+05     576323    143302     29988 8.350e+17     1.0   
NEAR        10.0      C1    0.0507     13.0    0.0198   12    675.880 8.050e-03 2.126e-03  3.086e+03     576323    143302     29988 8.350e+17     1.0   
NEAR        10.0      C1    0.0507     13.0    0.0198   21    355.730 8.700e-01 3.396e-03  3.892e+04     576323    143302     29988 8.350e+17     1.0   
NEAR        10.0      C1    0.0507     13.0    0.0198   22    333.030 2.290e-01 3.557e-03  9.956e+03     576323    143302     29988 8.350e+17     1.0  
NEAR        10.0      D9    0.0509     13.0    0.0198   11    411.800 9.562e-01 3.064e-03  4.329e+05     576323    117857     22547 8.350e+17     1.0
NEAR        10.0      D9    0.0509     13.0    0.0198   12    675.880 8.050e-03 2.126e-03  2.629e+03     576323    117857     22547 8.350e+17     1.0
NEAR        10.0      D9    0.0509     13.0    0.0198   21    355.730 8.700e-01 3.396e-03  3.163e+04     576323    117857     22547 8.350e+17     1.0
NEAR        10.0      D9    0.0509     13.0    0.0198   22    333.030 2.290e-01 3.557e-03  8.309e+03     576323    117857     22547 8.350e+17     1.0
NEAR        10.0      GF    0.0440     13.0    0.0172   11    411.800 9.562e-01 3.064e-03  4.623e+05     576323     93713     22539 8.350e+17     1.0
NEAR        10.0      GF    0.0440     13.0    0.0172   12    675.880 8.050e-03 2.126e-03  2.748e+03     576323     93713     22539 8.350e+17     1.0
NEAR        10.0      GF    0.0440     13.0    0.0172   21    355.730 8.700e-01 3.396e-03  3.257e+04     576323     93713     22539 8.350e+17     1.0
NEAR        10.0      GF    0.0440     13.0    0.0172   22    333.030 2.290e-01 3.557e-03  8.657e+03     576323     93713     22539 8.350e+17     1.0
