#area fthick[mm] sample     mass[g]  diam[mm]  thick[mm]  line  egam[keV]       Igam        epsi        Cgam      tirr[s]   twait[s]  tcount[s]    protons    BIF
NEAR    10       B2        0.049        13        0.02            355.73        0.87    0.00951719     19651       550855    133292     15026      9.89E+17    1
NEAR    10       C2        0.048        13        0.02            355.73        0.87    0.00951719     17202       550855    193892     15025      9.89E+17    1
NEAR    10       A2        0.0506       13        0.02            355.73        0.87    0.00951719     20818       550855    100892     15035      9.89E+17    1
NEAR    15       C4        0.0519       13        0.02            355.73        0.87    0.00951719     19905       605354    187247     14420      1.17E+18    1
NEAR    15       C4_redo   0.0519       13        0.02            355.73        0.87    0.00951719     9878        605354    202001     7210       1.17E+18    1
NEAR    15       A4        0.052        13        0.02            355.73        0.87    0.00951719     54230       605354    113951     36066      1.17E+18    1
NEAR    15       B4        0.0541       13        0.02            355.73        0.87    0.00951719     21522       605354    171225     14423      1.17E+18    1
NEAR    15       B4_redo   0.0541       13        0.02            355.73        0.87    0.00951719     5842        605354    645503     7203       1.17E+18    1
NEAR    15       B4_12cm   0.0541       13        0.02            355.73        0.87    0.00622096     3790        605354    391779     7202       1.17E+18    1
NEAR    30       AGF       0.0528       13        0.02            355.73        0.87    0.00951719     6440       1183905     47032     28828      2.22E+18    1
NEAR    30       CC1       0.0495       13        0.02            355.73        0.87    0.00951719     16187      1183905    106972     8407       2.22E+18    1
NEAR    30       BD9       0.052        13        0.02            355.73        0.87    0.00951719     14036      1183905    115915     6605       2.22E+18    1
