#root file: evalFlux_prelim.root
#Flux integrated over beam size
#Proton pulses of 7e12 protons
# Elow[eV]      Eup[eV]       n/eV/pp       unc
1.995262e-02 2.041738e-02  2.904888e+04 4.833916e+02
2.041738e-02 2.089296e-02  2.983746e+04 4.539674e+02
2.089296e-02 2.137962e-02  3.045216e+04 4.856742e+02
2.137962e-02 2.187762e-02  3.022889e+04 4.463770e+02
2.187762e-02 2.238721e-02  3.103450e+04 4.459115e+02
2.238721e-02 2.290868e-02  3.096390e+04 4.453249e+02
2.290868e-02 2.344229e-02  3.219433e+04 4.977976e+02
2.344229e-02 2.398833e-02  3.233256e+04 4.861186e+02
2.398833e-02 2.454709e-02  3.320383e+04 4.705732e+02
2.454709e-02 2.511886e-02  3.299988e+04 4.465429e+02
2.511886e-02 2.570396e-02  3.284574e+04 4.066320e+02
2.570396e-02 2.630268e-02  3.403452e+04 4.728140e+02
2.630268e-02 2.691535e-02  3.406541e+04 4.565945e+02
2.691535e-02 2.754229e-02  3.486395e+04 4.543915e+02
2.754229e-02 2.818383e-02  3.463812e+04 4.552556e+02
2.818383e-02 2.884032e-02  3.570374e+04 4.414282e+02
2.884032e-02 2.951209e-02  3.582009e+04 4.665895e+02
2.951209e-02 3.019952e-02  3.574740e+04 4.225104e+02
3.019952e-02 3.090295e-02  3.607285e+04 4.656229e+02
3.090295e-02 3.162278e-02  3.683771e+04 4.469028e+02
3.162278e-02 3.235937e-02  3.723187e+04 4.204138e+02
3.235937e-02 3.311311e-02  3.764956e+04 4.019421e+02
3.311311e-02 3.388442e-02  3.755475e+04 4.360868e+02
3.388442e-02 3.467369e-02  3.721115e+04 4.320355e+02
3.467369e-02 3.548134e-02  3.863383e+04 3.890128e+02
3.548134e-02 3.630781e-02  3.887686e+04 4.014770e+02
3.630781e-02 3.715352e-02  3.893574e+04 4.369413e+02
3.715352e-02 3.801894e-02  3.859076e+04 4.278623e+02
3.801894e-02 3.890451e-02  3.979777e+04 4.569380e+02
3.890451e-02 3.981072e-02  3.930609e+04 3.900580e+02
3.981072e-02 4.073803e-02  3.909357e+04 3.921561e+02
4.073803e-02 4.168694e-02  4.073380e+04 4.301726e+02
4.168694e-02 4.265795e-02  4.037722e+04 4.113114e+02
4.265795e-02 4.365158e-02  4.015884e+04 3.968368e+02
4.365158e-02 4.466836e-02  4.031057e+04 3.676256e+02
4.466836e-02 4.570882e-02  4.082653e+04 3.707259e+02
4.570882e-02 4.677351e-02  4.045724e+04 3.635166e+02
4.677351e-02 4.786301e-02  4.043927e+04 3.944695e+02
4.786301e-02 4.897788e-02  4.030616e+04 4.217173e+02
4.897788e-02 5.011872e-02  4.119178e+04 4.063438e+02
5.011872e-02 5.128614e-02  4.141940e+04 3.927622e+02
5.128614e-02 5.248075e-02  4.106200e+04 3.813237e+02
5.248075e-02 5.370318e-02  4.077845e+04 3.628399e+02
5.370318e-02 5.495409e-02  4.059625e+04 3.642452e+02
5.495409e-02 5.623413e-02  4.061205e+04 3.774601e+02
5.623413e-02 5.754399e-02  4.108989e+04 3.432770e+02
5.754399e-02 5.888437e-02  4.098000e+04 3.829238e+02
5.888437e-02 6.025596e-02  4.053098e+04 3.505047e+02
6.025596e-02 6.165950e-02  4.074398e+04 3.535178e+02
6.165950e-02 6.309573e-02  4.052630e+04 3.650275e+02
6.309573e-02 6.456542e-02  4.065143e+04 3.562451e+02
6.456542e-02 6.606934e-02  4.026617e+04 3.582536e+02
6.606934e-02 6.760830e-02  3.988254e+04 3.593263e+02
6.760830e-02 6.918310e-02  4.015768e+04 3.450242e+02
6.918310e-02 7.079458e-02  3.954867e+04 3.106357e+02
7.079458e-02 7.244360e-02  3.951323e+04 3.447847e+02
7.244360e-02 7.413102e-02  3.894003e+04 3.284850e+02
7.413102e-02 7.585776e-02  3.842901e+04 3.238694e+02
7.585776e-02 7.762471e-02  3.816345e+04 3.228526e+02
7.762471e-02 7.943282e-02  3.804108e+04 3.101906e+02
7.943282e-02 8.128305e-02  3.786229e+04 2.909192e+02
8.128305e-02 8.317638e-02  3.707862e+04 2.967440e+02
8.317638e-02 8.511380e-02  3.718408e+04 3.393500e+02
8.511380e-02 8.709636e-02  3.668747e+04 2.857725e+02
8.709636e-02 8.912509e-02  3.634876e+04 2.943981e+02
8.912509e-02 9.120108e-02  3.573105e+04 3.000270e+02
9.120108e-02 9.332543e-02  3.549847e+04 2.821173e+02
9.332543e-02 9.549926e-02  3.508076e+04 2.780811e+02
9.549926e-02 9.772372e-02  3.488495e+04 2.839777e+02
9.772372e-02 1.000000e-01  3.417440e+04 2.794112e+02
1.000000e-01 1.023293e-01  3.395953e+04 2.684178e+02
1.023293e-01 1.047129e-01  3.368652e+04 2.859222e+02
1.047129e-01 1.071519e-01  3.341360e+04 2.598179e+02
1.071519e-01 1.096478e-01  3.277256e+04 2.701854e+02
1.096478e-01 1.122018e-01  3.229444e+04 2.518254e+02
1.122018e-01 1.148154e-01  3.190120e+04 2.303596e+02
1.148154e-01 1.174898e-01  3.166888e+04 2.577619e+02
1.174898e-01 1.202264e-01  3.144701e+04 2.197476e+02
1.202264e-01 1.230269e-01  3.089187e+04 2.528261e+02
1.230269e-01 1.258925e-01  3.026051e+04 2.452584e+02
1.258925e-01 1.288250e-01  3.034363e+04 2.454410e+02
1.288250e-01 1.318257e-01  2.987737e+04 2.321232e+02
1.318257e-01 1.348963e-01  2.963474e+04 2.079884e+02
1.348963e-01 1.380384e-01  2.924406e+04 2.140263e+02
1.380384e-01 1.412538e-01  2.890230e+04 2.269964e+02
1.412538e-01 1.445440e-01  2.852903e+04 2.044104e+02
1.445440e-01 1.479108e-01  2.804766e+04 2.060169e+02
1.479108e-01 1.513561e-01  2.783672e+04 2.005134e+02
1.513561e-01 1.548817e-01  2.721685e+04 2.090701e+02
1.548817e-01 1.584893e-01  2.736099e+04 1.945197e+02
1.584893e-01 1.621810e-01  2.700946e+04 1.964999e+02
1.621810e-01 1.659587e-01  2.679210e+04 2.014467e+02
1.659587e-01 1.698244e-01  2.651500e+04 1.972751e+02
1.698244e-01 1.737801e-01  2.582825e+04 1.930413e+02
1.737801e-01 1.778279e-01  2.543496e+04 1.839543e+02
1.778279e-01 1.819701e-01  2.532253e+04 1.838930e+02
1.819701e-01 1.862087e-01  2.471290e+04 1.788860e+02
1.862087e-01 1.905461e-01  2.473598e+04 1.982938e+02
1.905461e-01 1.949845e-01  2.452912e+04 1.757565e+02
1.949845e-01 1.995262e-01  2.411225e+04 1.714599e+02
1.995262e-01 2.041738e-01  2.374489e+04 1.725918e+02
2.041738e-01 2.089296e-01  2.354562e+04 1.778903e+02
2.089296e-01 2.137962e-01  2.313307e+04 1.813273e+02
2.137962e-01 2.187762e-01  2.298397e+04 1.678236e+02
2.187762e-01 2.238721e-01  2.247660e+04 1.586827e+02
2.238721e-01 2.290868e-01  2.246235e+04 1.526948e+02
2.290868e-01 2.344229e-01  2.197404e+04 1.492285e+02
2.344229e-01 2.398833e-01  2.199804e+04 1.728662e+02
2.398833e-01 2.454709e-01  2.175805e+04 1.646273e+02
2.454709e-01 2.511886e-01  2.137628e+04 1.699947e+02
2.511886e-01 2.570396e-01  2.139737e+04 1.608264e+02
2.570396e-01 2.630268e-01  2.104917e+04 1.337002e+02
2.630268e-01 2.691535e-01  2.060808e+04 1.390655e+02
2.691535e-01 2.754229e-01  2.045371e+04 1.623458e+02
2.754229e-01 2.818383e-01  2.017475e+04 1.559065e+02
2.818383e-01 2.884032e-01  2.007209e+04 1.373466e+02
2.884032e-01 2.951209e-01  1.978583e+04 1.335349e+02
2.951209e-01 3.019952e-01  1.951593e+04 1.372048e+02
3.019952e-01 3.090295e-01  1.952693e+04 1.348486e+02
3.090295e-01 3.162278e-01  1.921487e+04 1.281504e+02
3.162278e-01 3.235937e-01  1.900897e+04 1.298954e+02
3.235937e-01 3.311311e-01  1.872214e+04 1.211747e+02
3.311311e-01 3.388442e-01  1.842052e+04 1.263090e+02
3.388442e-01 3.467369e-01  1.829008e+04 1.182902e+02
3.467369e-01 3.548134e-01  1.809904e+04 1.331170e+02
3.548134e-01 3.630781e-01  1.782253e+04 1.210074e+02
3.630781e-01 3.715352e-01  1.748847e+04 1.198072e+02
3.715352e-01 3.801894e-01  1.736501e+04 1.186318e+02
3.801894e-01 3.890451e-01  1.717596e+04 1.169504e+02
3.890451e-01 3.981072e-01  1.691288e+04 1.129731e+02
3.981072e-01 4.073803e-01  1.678272e+04 1.156002e+02
4.073803e-01 4.168694e-01  1.649483e+04 1.149124e+02
4.168694e-01 4.265795e-01  1.630538e+04 1.148721e+02
4.265795e-01 4.365158e-01  1.620864e+04 1.054561e+02
4.365158e-01 4.466836e-01  1.590814e+04 1.022480e+02
4.466836e-01 4.570882e-01  1.569741e+04 1.096068e+02
4.570882e-01 4.677351e-01  1.538086e+04 9.514456e+01
4.677351e-01 4.786301e-01  1.501635e+04 9.780371e+01
4.786301e-01 4.897788e-01  1.479381e+04 9.601185e+01
4.897788e-01 5.011872e-01  1.458326e+04 9.973423e+01
5.011872e-01 5.128614e-01  1.433437e+04 9.576924e+01
5.128614e-01 5.248075e-01  1.416744e+04 7.944092e+01
5.248075e-01 5.370318e-01  1.389259e+04 9.735079e+01
5.370318e-01 5.495409e-01  1.371298e+04 9.047931e+01
5.495409e-01 5.623413e-01  1.348280e+04 9.353735e+01
5.623413e-01 5.754399e-01  1.320823e+04 8.660434e+01
5.754399e-01 5.888437e-01  1.302885e+04 7.944757e+01
5.888437e-01 6.025596e-01  1.285878e+04 9.154851e+01
6.025596e-01 6.165950e-01  1.248627e+04 7.989971e+01
6.165950e-01 6.309573e-01  1.222576e+04 8.467448e+01
6.309573e-01 6.456542e-01  1.216419e+04 8.282965e+01
6.456542e-01 6.606934e-01  1.199954e+04 7.302195e+01
6.606934e-01 6.760830e-01  1.179115e+04 7.239871e+01
6.760830e-01 6.918310e-01  1.163229e+04 7.476759e+01
6.918310e-01 7.079458e-01  1.137851e+04 7.007556e+01
7.079458e-01 7.244360e-01  1.122886e+04 7.465878e+01
7.244360e-01 7.413102e-01  1.106962e+04 7.392241e+01
7.413102e-01 7.585776e-01  1.081215e+04 7.158917e+01
7.585776e-01 7.762471e-01  1.060052e+04 6.985967e+01
7.762471e-01 7.943282e-01  1.052367e+04 6.623886e+01
7.943282e-01 8.128305e-01  1.032589e+04 6.667153e+01
8.128305e-01 8.317638e-01  1.023978e+04 5.908265e+01
8.317638e-01 8.511380e-01  9.965838e+03 6.324170e+01
8.511380e-01 8.709636e-01  9.874561e+03 6.327745e+01
8.709636e-01 8.912509e-01  9.723903e+03 6.127006e+01
8.912509e-01 9.120108e-01  9.514177e+03 6.301697e+01
9.120108e-01 9.332543e-01  9.336912e+03 6.003581e+01
9.332543e-01 9.549926e-01  9.111540e+03 5.864165e+01
9.549926e-01 9.772372e-01  9.027900e+03 5.536012e+01
9.772372e-01 1.000000e+00  8.850175e+03 5.362410e+01
1.000000e+00 1.023293e+00  8.738012e+03 5.168983e+01
1.023293e+00 1.047129e+00  8.613220e+03 5.246089e+01
1.047129e+00 1.071519e+00  8.430635e+03 5.237328e+01
1.071519e+00 1.096478e+00  8.229475e+03 4.995567e+01
1.096478e+00 1.122018e+00  8.152643e+03 5.189758e+01
1.122018e+00 1.148154e+00  7.951253e+03 5.310374e+01
1.148154e+00 1.174898e+00  7.842649e+03 5.192552e+01
1.174898e+00 1.202264e+00  7.759719e+03 5.306274e+01
1.202264e+00 1.230269e+00  7.624756e+03 4.961273e+01
1.230269e+00 1.258925e+00  7.551435e+03 4.927434e+01
1.258925e+00 1.288250e+00  7.370515e+03 4.468239e+01
1.288250e+00 1.318257e+00  7.255053e+03 4.244586e+01
1.318257e+00 1.348963e+00  7.103368e+03 4.615913e+01
1.348963e+00 1.380384e+00  6.948799e+03 4.444686e+01
1.380384e+00 1.412538e+00  6.832521e+03 4.488021e+01
1.412538e+00 1.445440e+00  6.756762e+03 4.388780e+01
1.445440e+00 1.479108e+00  6.554247e+03 4.106914e+01
1.479108e+00 1.513561e+00  6.460485e+03 4.174349e+01
1.513561e+00 1.548817e+00  6.359700e+03 4.026124e+01
1.548817e+00 1.584893e+00  6.233593e+03 4.040967e+01
1.584893e+00 1.621810e+00  6.096531e+03 4.080810e+01
1.621810e+00 1.659587e+00  6.046353e+03 4.098027e+01
1.659587e+00 1.698244e+00  5.934205e+03 3.574777e+01
1.698244e+00 1.737801e+00  5.833864e+03 3.636366e+01
1.737801e+00 1.778279e+00  5.699040e+03 3.627797e+01
1.778279e+00 1.819701e+00  5.596242e+03 3.639364e+01
1.819701e+00 1.862087e+00  5.524969e+03 3.479449e+01
1.862087e+00 1.905461e+00  5.413987e+03 3.521540e+01
1.905461e+00 1.949845e+00  5.271697e+03 3.285829e+01
1.949845e+00 1.995262e+00  5.207959e+03 3.436932e+01
1.995262e+00 2.041738e+00  5.123721e+03 2.986363e+01
2.041738e+00 2.089296e+00  5.004236e+03 3.089525e+01
2.089296e+00 2.137962e+00  4.907717e+03 3.404030e+01
2.137962e+00 2.187762e+00  4.839838e+03 3.245354e+01
2.187762e+00 2.238721e+00  4.739743e+03 3.056011e+01
2.238721e+00 2.290868e+00  4.679426e+03 3.123295e+01
2.290868e+00 2.344229e+00  4.580907e+03 3.060888e+01
2.344229e+00 2.398833e+00  4.472704e+03 2.789143e+01
2.398833e+00 2.454709e+00  4.402979e+03 2.907621e+01
2.454709e+00 2.511886e+00  4.321779e+03 2.822350e+01
2.511886e+00 2.570396e+00  4.259069e+03 2.754590e+01
2.570396e+00 2.630268e+00  4.184581e+03 2.932853e+01
2.630268e+00 2.691535e+00  4.095926e+03 2.660442e+01
2.691535e+00 2.754229e+00  4.049951e+03 2.562435e+01
2.754229e+00 2.818383e+00  3.968582e+03 2.615578e+01
2.818383e+00 2.884032e+00  3.878757e+03 2.382471e+01
2.884032e+00 2.951209e+00  3.783955e+03 2.385181e+01
2.951209e+00 3.019952e+00  3.707317e+03 2.447556e+01
3.019952e+00 3.090295e+00  3.653573e+03 2.418043e+01
3.090295e+00 3.162278e+00  3.586718e+03 2.354622e+01
3.162278e+00 3.235937e+00  3.513491e+03 2.262486e+01
3.235937e+00 3.311311e+00  3.460006e+03 2.212346e+01
3.311311e+00 3.388442e+00  3.382955e+03 2.295251e+01
3.388442e+00 3.467369e+00  3.317459e+03 2.261833e+01
3.467369e+00 3.548134e+00  3.247273e+03 2.030212e+01
3.548134e+00 3.630781e+00  3.195570e+03 2.165570e+01
3.630781e+00 3.715352e+00  3.143564e+03 2.127014e+01
3.715352e+00 3.801894e+00  3.085822e+03 2.075349e+01
3.801894e+00 3.890451e+00  3.043058e+03 2.050131e+01
3.890451e+00 3.981072e+00  2.983282e+03 1.964670e+01
3.981072e+00 4.073803e+00  2.900551e+03 1.949556e+01
4.073803e+00 4.168694e+00  2.852657e+03 1.982741e+01
4.168694e+00 4.265795e+00  2.768590e+03 1.933950e+01
4.265795e+00 4.365158e+00  2.734521e+03 1.851282e+01
4.365158e+00 4.466836e+00  2.703463e+03 1.834554e+01
4.466836e+00 4.570882e+00  2.627302e+03 1.850513e+01
4.570882e+00 4.677351e+00  2.615777e+03 1.768133e+01
4.677351e+00 4.786301e+00  2.554030e+03 1.673544e+01
4.786301e+00 4.897788e+00  2.478719e+03 1.680531e+01
4.897788e+00 5.011872e+00  2.441506e+03 1.671971e+01
5.011872e+00 5.128614e+00  2.384892e+03 1.683854e+01
5.128614e+00 5.248075e+00  2.344682e+03 1.568528e+01
5.248075e+00 5.370318e+00  2.305625e+03 1.594580e+01
5.370318e+00 5.495409e+00  2.290955e+03 1.558610e+01
5.495409e+00 5.623413e+00  2.207849e+03 1.515499e+01
5.623413e+00 5.754399e+00  2.191114e+03 1.386038e+01
5.754399e+00 5.888437e+00  2.151103e+03 1.450872e+01
5.888437e+00 6.025596e+00  2.085576e+03 1.353708e+01
6.025596e+00 6.165950e+00  2.061136e+03 1.438216e+01
6.165950e+00 6.309573e+00  2.019564e+03 1.354000e+01
6.309573e+00 6.456542e+00  1.988991e+03 1.383249e+01
6.456542e+00 6.606934e+00  1.928407e+03 1.332429e+01
6.606934e+00 6.760830e+00  1.916110e+03 1.305353e+01
6.760830e+00 6.918310e+00  1.855449e+03 1.251863e+01
6.918310e+00 7.079458e+00  1.828608e+03 1.298869e+01
7.079458e+00 7.244360e+00  1.806304e+03 1.296390e+01
7.244360e+00 7.413102e+00  1.760730e+03 1.230071e+01
7.413102e+00 7.585776e+00  1.723813e+03 1.212378e+01
7.585776e+00 7.762471e+00  1.691519e+03 1.180752e+01
7.762471e+00 7.943282e+00  1.656879e+03 1.161223e+01
7.943282e+00 8.128305e+00  1.623748e+03 1.200242e+01
8.128305e+00 8.317638e+00  1.571053e+03 1.119950e+01
8.317638e+00 8.511380e+00  1.561318e+03 1.109753e+01
8.511380e+00 8.709636e+00  1.529335e+03 1.107648e+01
8.709636e+00 8.912509e+00  1.504160e+03 1.061498e+01
8.912509e+00 9.120108e+00  1.467862e+03 1.066472e+01
9.120108e+00 9.332543e+00  1.443867e+03 1.029846e+01
9.332543e+00 9.549926e+00  1.421023e+03 1.002521e+01
9.549926e+00 9.772372e+00  1.397971e+03 9.817775e+00
9.772372e+00 1.000000e+01  1.356356e+03 9.327149e+00
1.000000e+01 1.023293e+01  1.345601e+03 9.405343e+00
1.023293e+01 1.047129e+01  1.317148e+03 9.535669e+00
1.047129e+01 1.071519e+01  1.288081e+03 9.415602e+00
1.071519e+01 1.096478e+01  1.253980e+03 9.493546e+00
1.096478e+01 1.122018e+01  1.238539e+03 9.186619e+00
1.122018e+01 1.148154e+01  1.212638e+03 8.806276e+00
1.148154e+01 1.174898e+01  1.186170e+03 8.487439e+00
1.174898e+01 1.202264e+01  1.164293e+03 8.204049e+00
1.202264e+01 1.230269e+01  1.128841e+03 8.214372e+00
1.230269e+01 1.258925e+01  1.115764e+03 7.707483e+00
1.258925e+01 1.288250e+01  1.100462e+03 8.091438e+00
1.288250e+01 1.318257e+01  1.077796e+03 7.976506e+00
1.318257e+01 1.348963e+01  1.052290e+03 7.993191e+00
1.348963e+01 1.380384e+01  1.027848e+03 7.634638e+00
1.380384e+01 1.412538e+01  1.000860e+03 7.512397e+00
1.412538e+01 1.445440e+01  9.896990e+02 7.422828e+00
1.445440e+01 1.479108e+01  9.575453e+02 7.203938e+00
1.479108e+01 1.513561e+01  9.574670e+02 7.122190e+00
1.513561e+01 1.548817e+01  9.294531e+02 6.893734e+00
1.548817e+01 1.584893e+01  9.044418e+02 6.808046e+00
1.584893e+01 1.621810e+01  8.859841e+02 6.642952e+00
1.621810e+01 1.659587e+01  8.740849e+02 6.710907e+00
1.659587e+01 1.698244e+01  8.600068e+02 6.652216e+00
1.698244e+01 1.737801e+01  8.486222e+02 6.432920e+00
1.737801e+01 1.778279e+01  8.159950e+02 6.598633e+00
1.778279e+01 1.819701e+01  8.036076e+02 6.167189e+00
1.819701e+01 1.862087e+01  7.868866e+02 6.114271e+00
1.862087e+01 1.905461e+01  7.700567e+02 5.925450e+00
1.905461e+01 1.949845e+01  7.516573e+02 5.792503e+00
1.949845e+01 1.995262e+01  7.380806e+02 5.803642e+00
1.995262e+01 2.041738e+01  7.128437e+02 5.780144e+00
2.041738e+01 2.089296e+01  7.000986e+02 5.388295e+00
2.089296e+01 2.137962e+01  6.964392e+02 5.394468e+00
2.137962e+01 2.187762e+01  6.766174e+02 5.333163e+00
2.187762e+01 2.238721e+01  6.645796e+02 5.370085e+00
2.238721e+01 2.290868e+01  6.474755e+02 5.270066e+00
2.290868e+01 2.344229e+01  6.363900e+02 5.326633e+00
2.344229e+01 2.398833e+01  6.393265e+02 5.172013e+00
2.398833e+01 2.454709e+01  6.146412e+02 4.891167e+00
2.454709e+01 2.511886e+01  6.005614e+02 4.971804e+00
2.511886e+01 2.570396e+01  5.949736e+02 4.718982e+00
2.570396e+01 2.630268e+01  5.819181e+02 4.654030e+00
2.630268e+01 2.691535e+01  5.688226e+02 4.722594e+00
2.691535e+01 2.754229e+01  5.536005e+02 4.527335e+00
2.754229e+01 2.818383e+01  5.482653e+02 4.428403e+00
2.818383e+01 2.884032e+01  5.330431e+02 4.411695e+00
2.884032e+01 2.951209e+01  5.182361e+02 4.281757e+00
2.951209e+01 3.019952e+01  5.160680e+02 4.217212e+00
3.019952e+01 3.090295e+01  5.000460e+02 4.092248e+00
3.090295e+01 3.162278e+01  4.891150e+02 4.048727e+00
3.162278e+01 3.235937e+01  4.850171e+02 4.191096e+00
3.235937e+01 3.311311e+01  4.696235e+02 3.984285e+00
3.311311e+01 3.388442e+01  4.577458e+02 3.919069e+00
3.388442e+01 3.467369e+01  4.495142e+02 3.821348e+00
3.467369e+01 3.548134e+01  4.399883e+02 3.839381e+00
3.548134e+01 3.630781e+01  4.344937e+02 3.718559e+00
3.630781e+01 3.715352e+01  4.223094e+02 3.603715e+00
3.715352e+01 3.801894e+01  4.137234e+02 3.519399e+00
3.801894e+01 3.890451e+01  4.119272e+02 3.577584e+00
3.890451e+01 3.981072e+01  3.972967e+02 3.503662e+00
3.981072e+01 4.073803e+01  3.895168e+02 3.393838e+00
4.073803e+01 4.168694e+01  3.791851e+02 3.363342e+00
4.168694e+01 4.265795e+01  3.692388e+02 3.293039e+00
4.265795e+01 4.365158e+01  3.639496e+02 3.266942e+00
4.365158e+01 4.466836e+01  3.596979e+02 3.176829e+00
4.466836e+01 4.570882e+01  3.480604e+02 3.054846e+00
4.570882e+01 4.677351e+01  3.494427e+02 3.077614e+00
4.677351e+01 4.786301e+01  3.356855e+02 2.979247e+00
4.786301e+01 4.897788e+01  3.271722e+02 2.921287e+00
4.897788e+01 5.011872e+01  3.275225e+02 2.845860e+00
5.011872e+01 5.128614e+01  3.175213e+02 2.880812e+00
5.128614e+01 5.248075e+01  3.128557e+02 2.817641e+00
5.248075e+01 5.370318e+01  3.037926e+02 2.784956e+00
5.370318e+01 5.495409e+01  2.997672e+02 2.752241e+00
5.495409e+01 5.623413e+01  2.867639e+02 2.682370e+00
5.623413e+01 5.754399e+01  2.862239e+02 2.601061e+00
5.754399e+01 5.888437e+01  2.837850e+02 2.596823e+00
5.888437e+01 6.025596e+01  2.706403e+02 2.494883e+00
6.025596e+01 6.165950e+01  2.674452e+02 2.440514e+00
6.165950e+01 6.309573e+01  2.620022e+02 2.492300e+00
6.309573e+01 6.456542e+01  2.563800e+02 2.395815e+00
6.456542e+01 6.606934e+01  2.535894e+02 2.372643e+00
6.606934e+01 6.760830e+01  2.482524e+02 2.301972e+00
6.760830e+01 6.918310e+01  2.398207e+02 2.239528e+00
6.918310e+01 7.079458e+01  2.369513e+02 2.208916e+00
7.079458e+01 7.244360e+01  2.310942e+02 2.171728e+00
7.244360e+01 7.413102e+01  2.254870e+02 2.153664e+00
7.413102e+01 7.585776e+01  2.197784e+02 2.138564e+00
7.585776e+01 7.762471e+01  2.190401e+02 2.114517e+00
7.762471e+01 7.943282e+01  2.158588e+02 2.033711e+00
7.943282e+01 8.128305e+01  2.083420e+02 2.026064e+00
8.128305e+01 8.317638e+01  2.044792e+02 2.005199e+00
8.317638e+01 8.511380e+01  2.018933e+02 1.935251e+00
8.511380e+01 8.709636e+01  1.938299e+02 1.874342e+00
8.709636e+01 8.912509e+01  1.920500e+02 1.913025e+00
8.912509e+01 9.120108e+01  1.878784e+02 1.854252e+00
9.120108e+01 9.332543e+01  1.821646e+02 1.823590e+00
9.332543e+01 9.549926e+01  1.802267e+02 1.774718e+00
9.549926e+01 9.772372e+01  1.797337e+02 1.780192e+00
9.772372e+01 1.000000e+02  1.728133e+02 1.741913e+00
1.000000e+02 1.023293e+02  1.663522e+02 1.707841e+00
1.023293e+02 1.047129e+02  1.650269e+02 1.662668e+00
1.047129e+02 1.071519e+02  1.616609e+02 1.694494e+00
1.071519e+02 1.096478e+02  1.567949e+02 1.618028e+00
1.096478e+02 1.122018e+02  1.526728e+02 1.560496e+00
1.122018e+02 1.148154e+02  1.501478e+02 1.556559e+00
1.148154e+02 1.174898e+02  1.462978e+02 1.548595e+00
1.174898e+02 1.202264e+02  1.428999e+02 1.495726e+00
1.202264e+02 1.230269e+02  1.403705e+02 1.474699e+00
1.230269e+02 1.258925e+02  1.365553e+02 1.439257e+00
1.258925e+02 1.288250e+02  1.333135e+02 1.407992e+00
1.288250e+02 1.318257e+02  1.301657e+02 1.403180e+00
1.318257e+02 1.348963e+02  1.311469e+02 1.390268e+00
1.348963e+02 1.380384e+02  1.279416e+02 1.375751e+00
1.380384e+02 1.412538e+02  1.243478e+02 1.362490e+00
1.412538e+02 1.445440e+02  1.233093e+02 1.317710e+00
1.445440e+02 1.479108e+02  1.196529e+02 1.288317e+00
1.479108e+02 1.513561e+02  1.154102e+02 1.262355e+00
1.513561e+02 1.548817e+02  1.130892e+02 1.247329e+00
1.548817e+02 1.584893e+02  1.096212e+02 1.211729e+00
1.584893e+02 1.621810e+02  1.081326e+02 1.195960e+00
1.621810e+02 1.659587e+02  1.065965e+02 1.179109e+00
1.659587e+02 1.698244e+02  1.041124e+02 1.157544e+00
1.698244e+02 1.737801e+02  1.031410e+02 1.151364e+00
1.737801e+02 1.778279e+02  1.011402e+02 1.135338e+00
1.778279e+02 1.819701e+02  9.734738e+01 1.102161e+00
1.819701e+02 1.862087e+02  9.832279e+01 1.096979e+00
1.862087e+02 1.905461e+02  9.237391e+01 1.061256e+00
1.905461e+02 1.949845e+02  9.328006e+01 1.062174e+00
1.949845e+02 1.995262e+02  8.984439e+01 1.022744e+00
1.995262e+02 2.041738e+02  8.661730e+01 1.007760e+00
2.041738e+02 2.089296e+02  8.557147e+01 9.970535e-01
2.089296e+02 2.137962e+02  8.570454e+01 9.803730e-01
2.137962e+02 2.187762e+02  8.321067e+01 9.829760e-01
2.187762e+02 2.238721e+02  8.037161e+01 9.531814e-01
2.238721e+02 2.290868e+02  8.011655e+01 9.363935e-01
2.290868e+02 2.344229e+02  7.790491e+01 9.237129e-01
2.344229e+02 2.398833e+02  7.474413e+01 8.918585e-01
2.398833e+02 2.454709e+02  7.508146e+01 8.928142e-01
2.454709e+02 2.511886e+02  7.355395e+01 8.815536e-01
2.511886e+02 2.570396e+02  7.067776e+01 8.551177e-01
2.570396e+02 2.630268e+02  7.001956e+01 8.474204e-01
2.630268e+02 2.691535e+02  6.777272e+01 8.189592e-01
2.691535e+02 2.754229e+02  6.554115e+01 7.983568e-01
2.754229e+02 2.818383e+02  6.552373e+01 8.093427e-01
2.818383e+02 2.884032e+02  6.343407e+01 7.982725e-01
2.884032e+02 2.951209e+02  6.371658e+01 7.771136e-01
2.951209e+02 3.019952e+02  6.116323e+01 7.599973e-01
3.019952e+02 3.090295e+02  6.048105e+01 7.482669e-01
3.090295e+02 3.162278e+02  5.936045e+01 7.425279e-01
3.162278e+02 3.235937e+02  5.463299e+01 6.963298e-01
3.235937e+02 3.311311e+02  4.714736e+01 6.505459e-01
3.311311e+02 3.388442e+02  4.203223e+01 6.100132e-01
3.388442e+02 3.467369e+02  3.979828e+01 6.015843e-01
3.467369e+02 3.548134e+02  4.270954e+01 6.050408e-01
3.548134e+02 3.630781e+02  4.630331e+01 6.321889e-01
3.630781e+02 3.715352e+02  4.733378e+01 6.308023e-01
3.715352e+02 3.801894e+02  4.631501e+01 6.211554e-01
3.801894e+02 3.890451e+02  4.762685e+01 6.234673e-01
3.890451e+02 3.981072e+02  4.589790e+01 6.091985e-01
3.981072e+02 4.073803e+02  4.635345e+01 6.077807e-01
4.073803e+02 4.168694e+02  4.504574e+01 5.981121e-01
4.168694e+02 4.265795e+02  4.322125e+01 5.838904e-01
4.265795e+02 4.365158e+02  4.347095e+01 5.826753e-01
4.365158e+02 4.466836e+02  4.123218e+01 5.587167e-01
4.466836e+02 4.570882e+02  4.133758e+01 5.611512e-01
4.570882e+02 4.677351e+02  4.046920e+01 5.485579e-01
4.677351e+02 4.786301e+02  4.006936e+01 5.407935e-01
4.786301e+02 4.897788e+02  3.857883e+01 5.321832e-01
4.897788e+02 5.011872e+02  3.833661e+01 5.262241e-01
5.011872e+02 5.128614e+02  3.694259e+01 5.078185e-01
5.128614e+02 5.248075e+02  3.588929e+01 5.021700e-01
5.248075e+02 5.370318e+02  3.571206e+01 4.941381e-01
5.370318e+02 5.495409e+02  3.524321e+01 4.919180e-01
5.495409e+02 5.623413e+02  3.500899e+01 4.856043e-01
5.623413e+02 5.754399e+02  3.353316e+01 4.722596e-01
5.754399e+02 5.888437e+02  3.275431e+01 4.667824e-01
5.888437e+02 6.025596e+02  3.224051e+01 4.637808e-01
6.025596e+02 6.165950e+02  3.087777e+01 4.442351e-01
6.165950e+02 6.309573e+02  3.073300e+01 4.431342e-01
6.309573e+02 6.456542e+02  3.061963e+01 4.395070e-01
6.456542e+02 6.606934e+02  3.055297e+01 4.360078e-01
6.606934e+02 6.760830e+02  2.872935e+01 4.182698e-01
6.760830e+02 6.918310e+02  2.819745e+01 4.125286e-01
6.918310e+02 7.079458e+02  2.755099e+01 4.065505e-01
7.079458e+02 7.244360e+02  2.756817e+01 4.034598e-01
7.244360e+02 7.413102e+02  2.635967e+01 3.953549e-01
7.413102e+02 7.585776e+02  2.581055e+01 3.884790e-01
7.585776e+02 7.762471e+02  2.518840e+01 3.797116e-01
7.762471e+02 7.943282e+02  2.401754e+01 3.672926e-01
7.943282e+02 8.128305e+02  2.397272e+01 3.641758e-01
8.128305e+02 8.317638e+02  2.402584e+01 3.643696e-01
8.317638e+02 8.511380e+02  2.398118e+01 3.632356e-01
8.511380e+02 8.709636e+02  2.253827e+01 3.488156e-01
8.709636e+02 8.912509e+02  2.227647e+01 3.435560e-01
8.912509e+02 9.120108e+02  2.094076e+01 3.309463e-01
9.120108e+02 9.332543e+02  2.182368e+01 3.355608e-01
9.332543e+02 9.549926e+02  2.055031e+01 3.250562e-01
9.549926e+02 9.772372e+02  2.072887e+01 3.236418e-01
9.772372e+02 1.000000e+03  2.013003e+01 3.172871e-01
1.000000e+03 1.023293e+03  1.993558e+01 3.126665e-01
1.023293e+03 1.047129e+03  1.953225e+01 3.102400e-01
1.047129e+03 1.071519e+03  1.951011e+01 3.064932e-01
1.071519e+03 1.096478e+03  1.737192e+01 2.877280e-01
1.096478e+03 1.122018e+03  1.723736e+01 2.853689e-01
1.122018e+03 1.148154e+03  1.739305e+01 2.840273e-01
1.148154e+03 1.174898e+03  1.718186e+01 2.814615e-01
1.174898e+03 1.202264e+03  1.652292e+01 2.726051e-01
1.202264e+03 1.230269e+03  1.689439e+01 2.780639e-01
1.230269e+03 1.258925e+03  1.644966e+01 2.694020e-01
1.258925e+03 1.288250e+03  1.616651e+01 2.653183e-01
1.288250e+03 1.318257e+03  1.607667e+01 2.641010e-01
1.318257e+03 1.348963e+03  1.531668e+01 2.561031e-01
1.348963e+03 1.380384e+03  1.511220e+01 2.531115e-01
1.380384e+03 1.412538e+03  1.453263e+01 2.471239e-01
1.412538e+03 1.445440e+03  1.452567e+01 2.440165e-01
1.445440e+03 1.479108e+03  1.421166e+01 2.417789e-01
1.479108e+03 1.513561e+03  1.377445e+01 2.349584e-01
1.513561e+03 1.548817e+03  1.354827e+01 2.318767e-01
1.548817e+03 1.584893e+03  1.320220e+01 2.276857e-01
1.584893e+03 1.621810e+03  1.289782e+01 2.238214e-01
1.621810e+03 1.659587e+03  1.245876e+01 2.189745e-01
1.659587e+03 1.698244e+03  1.232266e+01 2.164883e-01
1.698244e+03 1.737801e+03  1.174198e+01 2.100632e-01
1.737801e+03 1.778279e+03  1.205294e+01 2.104386e-01
1.778279e+03 1.819701e+03  1.161099e+01 2.048018e-01
1.819701e+03 1.862087e+03  1.119821e+01 2.004150e-01
1.862087e+03 1.905461e+03  1.091002e+01 1.963053e-01
1.905461e+03 1.949845e+03  1.053303e+01 1.929784e-01
1.949845e+03 1.995262e+03  1.048808e+01 1.903394e-01
1.995262e+03 2.041738e+03  1.006152e+01 1.876168e-01
2.041738e+03 2.089296e+03  9.869721e+00 1.843769e-01
2.089296e+03 2.137962e+03  9.779347e+00 1.809471e-01
2.137962e+03 2.187762e+03  9.237865e+00 1.746187e-01
2.187762e+03 2.238721e+03  8.551436e+00 1.664458e-01
2.238721e+03 2.290868e+03  8.674622e+00 1.671996e-01
2.290868e+03 2.344229e+03  8.520717e+00 1.642311e-01
2.344229e+03 2.398833e+03  8.283081e+00 1.614825e-01
2.398833e+03 2.454709e+03  8.013122e+00 1.573849e-01
2.454709e+03 2.511886e+03  7.711025e+00 1.536972e-01
2.511886e+03 2.570396e+03  8.036746e+00 1.572142e-01
2.570396e+03 2.630268e+03  7.970961e+00 1.545204e-01
2.630268e+03 2.691535e+03  7.966024e+00 1.543016e-01
2.691535e+03 2.754229e+03  7.652907e+00 1.497809e-01
2.754229e+03 2.818383e+03  7.453305e+00 1.466615e-01
2.818383e+03 2.884032e+03  7.282087e+00 1.444366e-01
2.884032e+03 2.951209e+03  7.087472e+00 1.415941e-01
2.951209e+03 3.019952e+03  6.930627e+00 1.389431e-01
3.019952e+03 3.090295e+03  6.742238e+00 1.361343e-01
3.090295e+03 3.162278e+03  6.762232e+00 1.358927e-01
3.162278e+03 3.235937e+03  6.433516e+00 1.318357e-01
3.235937e+03 3.311311e+03  6.641318e+00 1.332373e-01
3.311311e+03 3.388442e+03  6.204047e+00 1.273558e-01
3.388442e+03 3.467369e+03  6.320308e+00 1.278448e-01
3.467369e+03 3.548134e+03  6.207555e+00 1.263057e-01
3.548134e+03 3.630781e+03  5.923478e+00 1.226883e-01
3.630781e+03 3.715352e+03  5.907703e+00 1.218376e-01
3.715352e+03 3.801894e+03  5.575879e+00 1.171870e-01
3.801894e+03 3.890451e+03  5.767583e+00 1.189403e-01
3.890451e+03 3.981072e+03  5.570542e+00 1.167344e-01
3.981072e+03 4.073803e+03  5.509628e+00 1.150864e-01
4.073803e+03 4.168694e+03  5.184104e+00 1.105208e-01
4.168694e+03 4.265795e+03  5.181629e+00 1.102549e-01
4.265795e+03 4.365158e+03  5.310836e+00 1.108156e-01
4.365158e+03 4.466836e+03  4.914861e+00 1.059419e-01
4.466836e+03 4.570882e+03  4.765477e+00 1.036962e-01
4.570882e+03 4.677351e+03  4.811120e+00 1.036653e-01
4.677351e+03 4.786301e+03  4.665951e+00 1.010891e-01
4.786301e+03 4.897788e+03  4.706180e+00 1.011881e-01
4.897788e+03 5.011872e+03  4.609652e+00 9.954666e-02
5.011872e+03 5.128614e+03  4.394053e+00 9.642979e-02
5.128614e+03 5.248075e+03  4.349332e+00 9.510971e-02
5.248075e+03 5.370318e+03  4.266735e+00 9.380424e-02
5.370318e+03 5.495409e+03  4.236866e+00 9.357221e-02
5.495409e+03 5.623413e+03  4.194678e+00 9.207582e-02
5.623413e+03 5.754399e+03  4.104291e+00 9.062228e-02
5.754399e+03 5.888437e+03  3.476882e+00 8.289896e-02
5.888437e+03 6.025596e+03  3.060635e+00 7.744758e-02
6.025596e+03 6.165950e+03  3.738175e+00 8.475070e-02
6.165950e+03 6.309573e+03  3.695085e+00 8.343161e-02
6.309573e+03 6.456542e+03  3.520145e+00 8.136461e-02
6.456542e+03 6.606934e+03  3.596057e+00 8.160802e-02
6.606934e+03 6.760830e+03  3.389146e+00 7.853829e-02
6.760830e+03 6.918310e+03  3.197248e+00 7.601176e-02
6.918310e+03 7.079458e+03  3.313828e+00 7.684397e-02
7.079458e+03 7.244360e+03  3.130065e+00 7.424785e-02
7.244360e+03 7.413102e+03  3.156342e+00 7.406646e-02
7.413102e+03 7.585776e+03  3.071017e+00 7.257026e-02
7.585776e+03 7.762471e+03  3.082193e+00 7.220405e-02
7.762471e+03 7.943282e+03  2.906758e+00 6.996569e-02
7.943282e+03 8.128305e+03  2.847337e+00 6.875924e-02
8.128305e+03 8.317638e+03  2.842671e+00 6.812124e-02
8.317638e+03 8.511380e+03  2.744715e+00 6.661006e-02
8.511380e+03 8.709636e+03  2.706027e+00 6.551734e-02
8.709636e+03 8.912509e+03  2.786784e+00 6.625916e-02
8.912509e+03 9.120108e+03  2.551599e+00 6.285586e-02
9.120108e+03 9.332543e+03  2.644298e+00 6.365667e-02
9.332543e+03 9.549926e+03  2.452540e+00 6.096331e-02
9.549926e+03 9.772372e+03  2.550145e+00 6.180843e-02
9.772372e+03 1.000000e+04  2.361747e+00 5.914823e-02
1.000000e+04 1.023293e+04  2.324004e+00 5.829213e-02
1.023293e+04 1.047129e+04  2.441807e+00 5.929458e-02
1.047129e+04 1.071519e+04  2.260968e+00 5.661398e-02
1.071519e+04 1.096478e+04  2.276906e+00 5.654976e-02
1.096478e+04 1.122018e+04  2.176755e+00 5.479636e-02
1.122018e+04 1.148154e+04  2.211697e+00 5.502389e-02
1.148154e+04 1.174898e+04  2.239590e+00 5.502112e-02
1.174898e+04 1.202264e+04  2.149653e+00 5.354367e-02
1.202264e+04 1.230269e+04  1.978211e+00 5.098572e-02
1.230269e+04 1.258925e+04  2.026459e+00 5.139907e-02
1.258925e+04 1.288250e+04  1.943138e+00 5.006341e-02
1.288250e+04 1.318257e+04  1.876714e+00 4.895287e-02
1.318257e+04 1.348963e+04  1.999438e+00 5.016566e-02
1.348963e+04 1.380384e+04  1.989013e+00 4.961471e-02
1.380384e+04 1.412538e+04  1.783941e+00 4.662521e-02
1.412538e+04 1.445440e+04  1.772449e+00 4.617911e-02
1.445440e+04 1.479108e+04  1.761439e+00 4.580647e-02
1.479108e+04 1.513561e+04  1.631368e+00 4.373278e-02
1.513561e+04 1.548817e+04  1.670565e+00 4.402259e-02
1.548817e+04 1.584893e+04  1.694459e+00 4.406374e-02
1.584893e+04 1.621810e+04  1.611420e+00 4.273921e-02
1.621810e+04 1.659587e+04  1.571771e+00 4.191775e-02
1.659587e+04 1.698244e+04  1.570423e+00 4.152395e-02
1.698244e+04 1.737801e+04  1.619967e+00 4.202101e-02
1.737801e+04 1.778279e+04  1.603256e+00 4.160992e-02
1.778279e+04 1.819701e+04  1.515628e+00 4.015755e-02
1.819701e+04 1.862087e+04  1.517548e+00 3.985880e-02
1.862087e+04 1.905461e+04  1.454470e+00 3.882920e-02
1.905461e+04 1.949845e+04  1.420468e+00 3.805983e-02
1.949845e+04 1.995262e+04  1.471511e+00 3.856142e-02
1.995262e+04 2.041738e+04  1.402689e+00 3.733938e-02
2.041738e+04 2.089296e+04  1.370670e+00 3.671506e-02
2.089296e+04 2.137962e+04  1.317534e+00 3.580358e-02
2.137962e+04 2.187762e+04  1.281216e+00 3.500502e-02
2.187762e+04 2.238721e+04  1.260767e+00 3.447154e-02
2.238721e+04 2.290868e+04  1.285224e+00 3.462625e-02
2.290868e+04 2.344229e+04  1.206694e+00 3.338544e-02
2.344229e+04 2.398833e+04  1.219470e+00 3.322395e-02
2.398833e+04 2.454709e+04  1.215938e+00 3.300783e-02
2.454709e+04 2.511886e+04  1.210278e+00 3.274785e-02
2.511886e+04 2.570396e+04  1.146881e+00 3.162948e-02
2.570396e+04 2.630268e+04  1.198565e+00 3.217928e-02
2.630268e+04 2.691535e+04  1.172438e+00 3.158303e-02
2.691535e+04 2.754229e+04  1.123951e+00 3.078375e-02
2.754229e+04 2.818383e+04  1.088842e+00 3.000405e-02
2.818383e+04 2.884032e+04  1.065756e+00 2.957235e-02
2.884032e+04 2.951209e+04  1.138197e+00 3.043131e-02
2.951209e+04 3.019952e+04  1.144742e+00 3.034575e-02
3.019952e+04 3.090295e+04  1.055272e+00 2.881584e-02
3.090295e+04 3.162278e+04  1.034329e+00 2.833328e-02
3.162278e+04 3.235937e+04  1.011694e+00 2.783465e-02
3.235937e+04 3.311311e+04  8.564659e-01 2.546482e-02
3.311311e+04 3.388442e+04  6.948395e-01 2.277833e-02
3.388442e+04 3.467369e+04  4.874349e-01 1.900954e-02
3.467369e+04 3.548134e+04  3.994655e-01 1.716973e-02
3.548134e+04 3.630781e+04  4.314941e-01 1.766589e-02
3.630781e+04 3.715352e+04  5.240688e-01 1.932843e-02
3.715352e+04 3.801894e+04  5.689163e-01 1.993688e-02
3.801894e+04 3.890451e+04  6.193201e-01 2.062044e-02
3.890451e+04 3.981072e+04  6.370595e-01 2.074970e-02
3.981072e+04 4.073803e+04  6.661419e-01 2.112186e-02
4.073803e+04 4.168694e+04  7.332423e-01 2.201063e-02
4.168694e+04 4.265795e+04  6.863071e-01 2.112908e-02
4.265795e+04 4.365158e+04  6.975238e-01 2.112331e-02
4.365158e+04 4.466836e+04  7.029016e-01 2.105619e-02
4.466836e+04 4.570882e+04  6.984595e-01 2.065528e-02
4.570882e+04 4.677351e+04  6.815370e-01 2.025041e-02
4.677351e+04 4.786301e+04  7.077436e-01 2.047942e-02
4.786301e+04 4.897788e+04  6.594898e-01 1.962669e-02
4.897788e+04 5.011872e+04  6.999038e-01 2.003740e-02
5.011872e+04 5.128614e+04  6.805332e-01 1.963683e-02
5.128614e+04 5.248075e+04  6.488425e-01 1.901569e-02
5.248075e+04 5.370318e+04  6.586093e-01 1.901121e-02
5.370318e+04 5.495409e+04  6.724723e-01 1.906113e-02
5.495409e+04 5.623413e+04  6.633370e-01 1.879006e-02
5.623413e+04 5.754399e+04  6.221873e-01 1.805363e-02
5.754399e+04 5.888437e+04  6.424137e-01 1.822360e-02
5.888437e+04 6.025596e+04  6.613293e-01 1.832013e-02
6.025596e+04 6.165950e+04  6.041567e-01 1.738489e-02
6.165950e+04 6.309573e+04  5.708858e-01 1.675455e-02
6.309573e+04 6.456542e+04  6.046421e-01 1.710326e-02
6.456542e+04 6.606934e+04  6.145233e-01 1.709622e-02
6.606934e+04 6.760830e+04  5.947912e-01 1.666659e-02
6.760830e+04 6.918310e+04  6.141330e-01 1.681995e-02
6.918310e+04 7.079458e+04  5.960187e-01 1.643136e-02
7.079458e+04 7.244360e+04  6.003785e-01 1.629072e-02
7.244360e+04 7.413102e+04  5.794722e-01 1.586278e-02
7.413102e+04 7.585776e+04  5.570869e-01 1.541042e-02
7.585776e+04 7.762471e+04  5.270478e-01 1.485771e-02
7.762471e+04 7.943282e+04  5.313802e-01 1.477840e-02
7.943282e+04 8.128305e+04  4.771688e-01 1.387555e-02
8.128305e+04 8.317638e+04  4.307709e-01 1.307502e-02
8.317638e+04 8.511380e+04  3.599220e-01 1.185678e-02
8.511380e+04 8.709636e+04  3.273995e-01 1.120512e-02
8.709636e+04 8.912509e+04  3.259375e-01 1.108034e-02
8.912509e+04 9.120108e+04  3.127694e-01 1.076426e-02
9.120108e+04 9.332543e+04  3.262055e-01 1.087544e-02
9.332543e+04 9.549926e+04  3.890091e-01 1.173028e-02
9.549926e+04 9.772372e+04  4.063593e-01 1.186141e-02
9.772372e+04 1.000000e+05  3.997090e-01 1.164322e-02
1.000000e+05 1.023293e+05  4.133796e-01 5.789089e-03
1.023293e+05 1.047129e+05  4.426731e-01 5.961557e-03
1.047129e+05 1.071519e+05  4.340512e-01 5.838225e-03
1.071519e+05 1.096478e+05  4.313305e-01 5.741671e-03
1.096478e+05 1.122018e+05  4.439653e-01 5.802466e-03
1.122018e+05 1.148154e+05  4.207777e-01 5.584509e-03
1.148154e+05 1.174898e+05  4.215472e-01 5.581148e-03
1.174898e+05 1.202264e+05  3.355213e-01 4.935919e-03
1.202264e+05 1.230269e+05  3.925942e-01 5.289440e-03
1.230269e+05 1.258925e+05  4.700965e-01 5.738718e-03
1.258925e+05 1.288250e+05  4.798375e-01 5.768855e-03
1.288250e+05 1.318257e+05  4.580729e-01 5.512424e-03
1.318257e+05 1.348963e+05  4.425153e-01 5.392124e-03
1.348963e+05 1.380384e+05  3.755248e-01 4.929910e-03
1.380384e+05 1.412538e+05  3.150964e-01 4.493759e-03
1.412538e+05 1.445440e+05  2.942913e-01 4.316576e-03
1.445440e+05 1.479108e+05  2.850707e-01 4.199327e-03
1.479108e+05 1.513561e+05  2.962928e-01 4.208685e-03
1.513561e+05 1.548817e+05  3.044357e-01 4.228024e-03
1.548817e+05 1.584893e+05  2.816650e-01 4.033506e-03
1.584893e+05 1.621810e+05  2.877727e-01 4.023979e-03
1.621810e+05 1.659587e+05  3.221810e-01 4.252098e-03
1.659587e+05 1.698244e+05  3.389760e-01 4.310363e-03
1.698244e+05 1.737801e+05  3.447930e-01 4.279231e-03
1.737801e+05 1.778279e+05  3.561755e-01 4.303703e-03
1.778279e+05 1.819701e+05  3.503448e-01 4.233499e-03
1.819701e+05 1.862087e+05  3.545363e-01 4.222253e-03
1.862087e+05 1.905461e+05  3.468812e-01 4.126250e-03
1.905461e+05 1.949845e+05  3.479246e-01 4.112748e-03
1.949845e+05 1.995262e+05  3.298912e-01 3.987956e-03
1.995262e+05 2.041738e+05  3.000834e-01 3.739903e-03
2.041738e+05 2.089296e+05  2.918469e-01 3.668831e-03
2.089296e+05 2.137962e+05  3.021035e-01 3.697483e-03
2.137962e+05 2.187762e+05  3.128331e-01 3.722048e-03
2.187762e+05 2.238721e+05  3.037680e-01 3.647643e-03
2.238721e+05 2.290868e+05  3.107510e-01 3.652450e-03
2.290868e+05 2.344229e+05  3.228461e-01 3.696889e-03
2.344229e+05 2.398833e+05  3.392218e-01 3.745987e-03
2.398833e+05 2.454709e+05  3.447070e-01 3.724224e-03
2.454709e+05 2.511886e+05  3.463264e-01 3.734248e-03
2.511886e+05 2.570396e+05  3.311390e-01 3.602332e-03
2.570396e+05 2.630268e+05  3.492457e-01 3.667514e-03
2.630268e+05 2.691535e+05  3.579895e-01 3.701777e-03
2.691535e+05 2.754229e+05  3.367848e-01 3.544125e-03
2.754229e+05 2.818383e+05  2.705809e-01 3.168553e-03
2.818383e+05 2.884032e+05  2.646453e-01 3.091896e-03
2.884032e+05 2.951209e+05  2.776430e-01 3.131456e-03
2.951209e+05 3.019952e+05  2.862298e-01 3.146850e-03
3.019952e+05 3.090295e+05  2.968137e-01 3.164440e-03
3.090295e+05 3.162278e+05  2.775433e-01 3.010334e-03
3.162278e+05 3.235937e+05  2.991214e-01 3.094943e-03
3.235937e+05 3.311311e+05  3.112843e-01 3.113084e-03
3.311311e+05 3.388442e+05  3.192485e-01 3.126026e-03
3.388442e+05 3.467369e+05  3.080751e-01 3.052023e-03
3.467369e+05 3.548134e+05  2.738442e-01 2.840951e-03
3.548134e+05 3.630781e+05  2.709228e-01 2.790089e-03
3.630781e+05 3.715352e+05  2.490042e-01 2.669335e-03
3.715352e+05 3.801894e+05  3.046706e-01 2.905099e-03
3.801894e+05 3.890451e+05  2.853969e-01 2.787322e-03
3.890451e+05 3.981072e+05  2.743784e-01 2.715040e-03
3.981072e+05 4.073803e+05  2.492133e-01 2.551777e-03
4.073803e+05 4.168694e+05  2.082557e-01 2.309301e-03
4.168694e+05 4.265795e+05  1.650833e-01 2.028569e-03
4.265795e+05 4.365158e+05  1.647699e-01 2.014224e-03
4.365158e+05 4.466836e+05  1.883232e-01 2.159682e-03
4.466836e+05 4.570882e+05  2.198353e-01 2.299555e-03
4.570882e+05 4.677351e+05  2.556976e-01 2.453936e-03
4.677351e+05 4.786301e+05  2.833027e-01 2.572448e-03
4.786301e+05 4.897788e+05  3.191127e-01 2.695799e-03
4.897788e+05 5.011872e+05  3.285830e-01 2.695409e-03
5.011872e+05 5.128614e+05  3.226922e-01 2.636797e-03
5.128614e+05 5.248075e+05  2.594087e-01 2.349225e-03
5.248075e+05 5.370318e+05  2.714039e-01 2.371261e-03
5.370318e+05 5.495409e+05  2.966849e-01 2.454417e-03
5.495409e+05 5.623413e+05  2.755272e-01 2.344891e-03
5.623413e+05 5.754399e+05  2.644318e-01 2.270075e-03
5.754399e+05 5.888437e+05  2.780735e-01 2.299730e-03
5.888437e+05 6.025596e+05  2.856843e-01 2.317750e-03
6.025596e+05 6.165950e+05  2.745979e-01 2.245567e-03
6.165950e+05 6.309573e+05  2.554840e-01 2.141049e-03
6.309573e+05 6.456542e+05  2.531030e-01 2.103374e-03
6.456542e+05 6.606934e+05  2.500949e-01 2.063476e-03
6.606934e+05 6.760830e+05  2.744130e-01 2.131663e-03
6.760830e+05 6.918310e+05  2.650969e-01 2.074486e-03
6.918310e+05 7.079458e+05  2.511145e-01 2.000909e-03
7.079458e+05 7.244360e+05  2.300967e-01 1.887130e-03
7.244360e+05 7.413102e+05  2.464108e-01 1.923341e-03
7.413102e+05 7.585776e+05  2.432266e-01 1.887249e-03
7.585776e+05 7.762471e+05  2.293979e-01 1.818739e-03
7.762471e+05 7.943282e+05  2.053378e-01 1.707586e-03
7.943282e+05 8.128305e+05  1.909806e-01 1.625979e-03
8.128305e+05 8.317638e+05  1.979765e-01 1.632439e-03
8.317638e+05 8.511380e+05  1.890494e-01 1.586174e-03
8.511380e+05 8.709636e+05  1.986066e-01 1.601094e-03
8.709636e+05 8.912509e+05  2.131480e-01 1.623440e-03
8.912509e+05 9.120108e+05  2.117365e-01 1.594043e-03
9.120108e+05 9.332543e+05  1.931914e-01 1.493226e-03
9.332543e+05 9.549926e+05  1.709039e-01 1.377384e-03
9.549926e+05 9.772372e+05  1.513443e-01 1.270483e-03
9.772372e+05 1.000000e+06  1.438437e-01 1.222764e-03
1.000000e+06 1.023293e+06  1.389912e-01 1.194536e-03
1.023293e+06 1.047129e+06  1.486101e-01 1.224035e-03
1.047129e+06 1.071519e+06  1.780434e-01 1.326373e-03
1.071519e+06 1.096478e+06  1.788300e-01 1.311480e-03
1.096478e+06 1.122018e+06  1.604302e-01 1.221139e-03
1.122018e+06 1.148154e+06  1.606650e-01 1.215008e-03
1.148154e+06 1.174898e+06  1.580733e-01 1.185433e-03
1.174898e+06 1.202264e+06  1.712424e-01 1.216269e-03
1.202264e+06 1.230269e+06  1.666845e-01 1.181638e-03
1.230269e+06 1.258925e+06  1.605439e-01 1.144263e-03
1.258925e+06 1.288250e+06  1.483765e-01 1.092588e-03
1.288250e+06 1.318257e+06  1.294274e-01 1.005344e-03
1.318257e+06 1.348963e+06  1.418382e-01 1.039671e-03
1.348963e+06 1.380384e+06  1.431663e-01 1.032890e-03
1.380384e+06 1.412538e+06  1.423983e-01 1.018744e-03
1.412538e+06 1.445440e+06  1.350643e-01 9.749062e-04
1.445440e+06 1.479108e+06  1.303232e-01 9.414279e-04
1.479108e+06 1.513561e+06  1.380114e-01 9.600585e-04
1.513561e+06 1.548817e+06  1.337130e-01 9.279035e-04
1.548817e+06 1.584893e+06  1.340811e-01 9.213585e-04
1.584893e+06 1.621810e+06  1.268856e-01 8.826046e-04
1.621810e+06 1.659587e+06  1.139105e-01 8.261977e-04
1.659587e+06 1.698244e+06  1.072518e-01 7.910311e-04
1.698244e+06 1.737801e+06  9.985182e-02 7.541850e-04
1.737801e+06 1.778279e+06  1.118405e-01 7.944949e-04
1.778279e+06 1.819701e+06  1.156525e-01 7.892478e-04
1.819701e+06 1.862087e+06  1.060383e-01 7.462262e-04
1.862087e+06 1.905461e+06  9.075281e-02 6.836088e-04
1.905461e+06 1.949845e+06  8.835438e-02 6.672106e-04
1.949845e+06 1.995262e+06  9.460885e-02 6.797755e-04
1.995262e+06 2.041738e+06  8.023010e-02 6.135041e-04
2.041738e+06 2.089296e+06  8.173107e-02 6.176098e-04
2.089296e+06 2.137962e+06  8.141201e-02 6.118392e-04
2.137962e+06 2.187762e+06  7.410989e-02 5.765863e-04
2.187762e+06 2.238721e+06  7.571551e-02 5.785350e-04
2.238721e+06 2.290868e+06  6.694047e-02 5.349290e-04
2.290868e+06 2.344229e+06  6.964534e-02 5.395738e-04
2.344229e+06 2.398833e+06  6.645257e-02 5.203529e-04
2.398833e+06 2.454709e+06  6.726362e-02 5.226430e-04
2.454709e+06 2.511886e+06  5.509864e-02 4.664084e-04
2.511886e+06 2.570396e+06  5.240939e-02 4.493290e-04
2.570396e+06 2.630268e+06  4.681782e-02 4.219090e-04
2.630268e+06 2.691535e+06  4.460863e-02 4.075921e-04
2.691535e+06 2.754229e+06  4.143530e-02 3.894892e-04
2.754229e+06 2.818383e+06  4.051589e-02 3.796747e-04
2.818383e+06 2.884032e+06  3.802126e-02 3.655672e-04
2.884032e+06 2.951209e+06  3.528159e-02 3.479162e-04
2.951209e+06 3.019952e+06  3.354724e-02 3.369149e-04
3.019952e+06 3.090295e+06  3.190756e-02 3.261512e-04
3.090295e+06 3.162278e+06  2.918644e-02 3.101895e-04
3.162278e+06 3.235937e+06  2.526220e-02 2.846035e-04
3.235937e+06 3.311311e+06  2.276275e-02 2.665366e-04
3.311311e+06 3.388442e+06  2.204457e-02 2.621916e-04
3.388442e+06 3.467369e+06  2.119843e-02 2.550378e-04
3.467369e+06 3.548134e+06  2.037186e-02 2.465089e-04
3.548134e+06 3.630781e+06  1.814845e-02 2.314044e-04
3.630781e+06 3.715352e+06  1.690347e-02 2.209695e-04
3.715352e+06 3.801894e+06  1.632678e-02 2.154583e-04
3.801894e+06 3.890451e+06  1.652351e-02 2.138874e-04
3.890451e+06 3.981072e+06  1.559601e-02 2.061093e-04
3.981072e+06 4.073803e+06  1.547797e-02 2.046744e-04
4.073803e+06 4.168694e+06  1.396092e-02 1.916375e-04
4.168694e+06 4.265795e+06  1.364476e-02 1.881955e-04
4.265795e+06 4.365158e+06  1.172499e-02 1.719795e-04
4.365158e+06 4.466836e+06  1.157585e-02 1.698929e-04
4.466836e+06 4.570882e+06  1.084074e-02 1.622762e-04
4.570882e+06 4.677351e+06  1.098449e-02 1.630520e-04
4.677351e+06 4.786301e+06  1.015330e-02 1.544488e-04
4.786301e+06 4.897788e+06  9.272101e-03 1.465258e-04
4.897788e+06 5.011872e+06  9.314511e-03 1.461957e-04
5.011872e+06 5.128614e+06  8.080196e-03 1.344746e-04
5.128614e+06 5.248075e+06  8.471488e-03 1.363488e-04
5.248075e+06 5.370318e+06  8.054606e-03 1.320298e-04
5.370318e+06 5.495409e+06  7.822593e-03 1.297011e-04
5.495409e+06 5.623413e+06  7.060274e-03 1.218311e-04
5.623413e+06 5.754399e+06  6.850552e-03 1.180893e-04
5.754399e+06 5.888437e+06  6.803660e-03 1.160272e-04
5.888437e+06 6.025596e+06  6.583779e-03 1.119366e-04
6.025596e+06 6.165950e+06  6.600355e-03 1.084813e-04
6.165950e+06 6.309573e+06  6.115166e-03 9.933201e-05
6.309573e+06 6.456542e+06  6.089960e-03 9.543311e-05
6.456542e+06 6.606934e+06  5.696273e-03 8.876391e-05
6.606934e+06 6.760830e+06  5.455117e-03 8.397828e-05
6.760830e+06 6.918310e+06  5.308304e-03 7.975653e-05
6.918310e+06 7.079458e+06  5.176615e-03 7.672622e-05
7.079458e+06 7.244360e+06  4.729129e-03 7.107548e-05
7.244360e+06 7.413102e+06  4.667940e-03 6.896442e-05
7.413102e+06 7.585776e+06  4.457646e-03 6.567333e-05
7.585776e+06 7.762471e+06  4.091007e-03 6.153111e-05
7.762471e+06 7.943282e+06  4.080400e-03 6.037682e-05
7.943282e+06 8.128305e+06  3.809531e-03 5.720272e-05
8.128305e+06 8.317638e+06  3.609006e-03 5.498365e-05
8.317638e+06 8.511380e+06  3.553734e-03 5.374137e-05
8.511380e+06 8.709636e+06  3.346659e-03 5.156793e-05
8.709636e+06 8.912509e+06  3.434091e-03 5.230498e-05
8.912509e+06 9.120108e+06  3.108370e-03 4.850198e-05
9.120108e+06 9.332543e+06  3.058074e-03 4.797981e-05
9.332543e+06 9.549926e+06  2.941998e-03 4.676382e-05
9.549926e+06 9.772372e+06  2.762803e-03 4.446486e-05
9.772372e+06 1.000000e+07  2.663651e-03 4.335300e-05
1.000000e+07 1.023293e+07  2.381379e-03 1.007626e-04
1.023293e+07 1.047129e+07  2.380082e-03 9.981230e-05
1.047129e+07 1.071519e+07  2.355537e-03 9.843076e-05
1.071519e+07 1.096478e+07  2.260307e-03 9.548224e-05
1.096478e+07 1.122018e+07  2.238327e-03 9.430624e-05
1.122018e+07 1.148154e+07  2.253907e-03 9.405385e-05
1.148154e+07 1.174898e+07  2.249519e-03 9.287113e-05
1.174898e+07 1.202264e+07  1.897559e-03 8.417101e-05
1.202264e+07 1.230269e+07  2.097742e-03 8.655089e-05
1.230269e+07 1.258925e+07  1.733591e-03 7.679794e-05
1.258925e+07 1.288250e+07  2.044531e-03 8.158241e-05
1.288250e+07 1.318257e+07  1.756215e-03 7.377704e-05
1.318257e+07 1.348963e+07  1.726965e-03 7.126603e-05
1.348963e+07 1.380384e+07  1.651252e-03 6.784308e-05
1.380384e+07 1.412538e+07  1.645757e-03 6.612273e-05
1.412538e+07 1.445440e+07  1.710864e-03 6.648167e-05
1.445440e+07 1.479108e+07  1.588751e-03 6.297042e-05
1.479108e+07 1.513561e+07  1.488021e-03 5.995124e-05
1.513561e+07 1.548817e+07  1.496455e-03 5.928776e-05
1.548817e+07 1.584893e+07  1.561815e-03 5.979416e-05
1.584893e+07 1.621810e+07  1.486666e-03 5.770927e-05
1.621810e+07 1.659587e+07  1.520736e-03 5.791866e-05
1.659587e+07 1.698244e+07  1.355719e-03 5.423581e-05
1.698244e+07 1.737801e+07  1.463825e-03 5.602213e-05
1.737801e+07 1.778279e+07  1.402125e-03 5.434302e-05
1.778279e+07 1.819701e+07  1.312019e-03 5.212194e-05
1.819701e+07 1.862087e+07  1.296333e-03 5.138125e-05
1.862087e+07 1.905461e+07  1.233852e-03 4.955357e-05
1.905461e+07 1.949845e+07  1.295854e-03 5.026826e-05
1.949845e+07 1.995262e+07  1.189914e-03 4.763263e-05
1.995262e+07 2.041738e+07  1.195095e-03 4.704600e-05
2.041738e+07 2.089296e+07  1.243723e-03 4.707360e-05
2.089296e+07 2.137962e+07  1.059389e-03 4.268088e-05
2.137962e+07 2.187762e+07  1.170193e-03 4.417874e-05
2.187762e+07 2.238721e+07  1.113568e-03 4.247380e-05
2.238721e+07 2.290868e+07  1.041647e-03 4.044403e-05
2.290868e+07 2.344229e+07  1.088761e-03 4.097986e-05
2.344229e+07 2.398833e+07  1.028388e-03 3.948165e-05
2.398833e+07 2.454709e+07  1.039045e-03 3.921274e-05
2.454709e+07 2.511886e+07  1.046947e-03 3.879021e-05
2.511886e+07 2.570396e+07  1.054367e-03 3.845046e-05
2.570396e+07 2.630268e+07  9.561306e-04 3.617188e-05
2.630268e+07 2.691535e+07  1.034959e-03 3.729200e-05
2.691535e+07 2.754229e+07  9.515804e-04 3.534387e-05
2.754229e+07 2.818383e+07  9.708157e-04 3.523530e-05
2.818383e+07 2.884032e+07  9.484593e-04 3.453419e-05
2.884032e+07 2.951209e+07  9.773279e-04 3.461549e-05
2.951209e+07 3.019952e+07  8.531425e-04 3.171042e-05
3.019952e+07 3.090295e+07  8.504546e-04 3.131397e-05
3.090295e+07 3.162278e+07  8.886517e-04 3.167640e-05
3.162278e+07 3.235937e+07  8.587014e-04 3.085005e-05
3.235937e+07 3.311311e+07  8.995061e-04 3.129614e-05
3.311311e+07 3.388442e+07  8.734986e-04 3.055974e-05
3.388442e+07 3.467369e+07  8.914237e-04 3.064862e-05
3.467369e+07 3.548134e+07  9.242002e-04 3.110771e-05
3.548134e+07 3.630781e+07  8.353750e-04 2.946419e-05
3.630781e+07 3.715352e+07  7.469793e-04 2.770712e-05
3.715352e+07 3.801894e+07  8.108787e-04 2.867914e-05
3.801894e+07 3.890451e+07  7.917745e-04 2.799645e-05
3.890451e+07 3.981072e+07  8.057098e-04 2.790838e-05
3.981072e+07 4.073803e+07  7.765833e-04 2.707874e-05
4.073803e+07 4.168694e+07  8.376608e-04 2.789706e-05
4.168694e+07 4.265795e+07  7.729972e-04 2.656111e-05
4.265795e+07 4.365158e+07  7.887771e-04 2.657121e-05
4.365158e+07 4.466836e+07  7.863412e-04 2.628840e-05
4.466836e+07 4.570882e+07  6.640461e-04 2.392006e-05
4.570882e+07 4.677351e+07  6.833581e-04 2.407570e-05
4.677351e+07 4.786301e+07  6.455647e-04 2.321698e-05
4.786301e+07 4.897788e+07  7.137829e-04 2.425206e-05
4.897788e+07 5.011872e+07  7.400744e-04 2.443635e-05
5.011872e+07 5.128614e+07  7.265118e-04 2.395258e-05
5.128614e+07 5.248075e+07  6.098737e-04 2.170719e-05
5.248075e+07 5.370318e+07  6.102837e-04 2.157275e-05
5.370318e+07 5.495409e+07  6.309172e-04 2.173765e-05
5.495409e+07 5.623413e+07  6.530084e-04 2.182758e-05
5.623413e+07 5.754399e+07  5.790374e-04 2.035442e-05
5.754399e+07 5.888437e+07  5.633420e-04 1.991942e-05
5.888437e+07 6.025596e+07  6.055734e-04 2.050122e-05
6.025596e+07 6.165950e+07  5.763644e-04 1.981336e-05
6.165950e+07 6.309573e+07  5.630790e-04 1.938543e-05
6.309573e+07 6.456542e+07  5.913948e-04 1.964082e-05
6.456542e+07 6.606934e+07  5.382568e-04 1.861256e-05
6.606934e+07 6.760830e+07  5.230186e-04 1.826678e-05
6.760830e+07 6.918310e+07  5.529070e-04 1.867107e-05
6.918310e+07 7.079458e+07  5.638215e-04 1.873287e-05
7.079458e+07 7.244360e+07  5.147413e-04 1.773123e-05
7.244360e+07 7.413102e+07  4.912956e-04 1.713481e-05
7.413102e+07 7.585776e+07  5.023240e-04 1.711224e-05
7.585776e+07 7.762471e+07  4.885981e-04 1.670826e-05
7.762471e+07 7.943282e+07  4.714837e-04 1.630726e-05
7.943282e+07 8.128305e+07  4.679003e-04 1.608653e-05
8.128305e+07 8.317638e+07  4.760095e-04 1.601821e-05
8.317638e+07 8.511380e+07  4.381889e-04 1.526625e-05
8.511380e+07 8.709636e+07  4.675687e-04 1.571201e-05
8.709636e+07 8.912509e+07  4.421374e-04 1.524191e-05
8.912509e+07 9.120108e+07  4.118496e-04 1.463689e-05
9.120108e+07 9.332543e+07  3.937589e-04 1.421529e-05
9.332543e+07 9.549926e+07  3.981723e-04 1.417806e-05
9.549926e+07 9.772372e+07  3.798417e-04 1.373370e-05
9.772372e+07 1.000000e+08  3.580576e-04 1.321293e-05
1.000000e+08 1.023293e+08  3.490783e-04 1.936391e-05
1.023293e+08 1.047129e+08  3.649610e-04 1.962586e-05
1.047129e+08 1.071519e+08  3.475940e-04 1.896322e-05
1.071519e+08 1.096478e+08  3.411072e-04 1.859392e-05
1.096478e+08 1.122018e+08  3.395057e-04 1.837296e-05
1.122018e+08 1.148154e+08  3.370710e-04 1.815116e-05
1.148154e+08 1.174898e+08  3.270236e-04 1.773707e-05
1.174898e+08 1.202264e+08  3.223014e-04 1.746638e-05
1.202264e+08 1.230269e+08  2.929306e-04 1.650606e-05
1.230269e+08 1.258925e+08  2.921893e-04 1.633343e-05
1.258925e+08 1.288250e+08  3.009804e-04 1.642018e-05
1.288250e+08 1.318257e+08  2.526616e-04 1.489632e-05
1.318257e+08 1.348963e+08  2.673271e-04 1.517147e-05
1.348963e+08 1.380384e+08  2.605224e-04 1.483817e-05
1.380384e+08 1.412538e+08  2.432320e-04 1.421067e-05
1.412538e+08 1.445440e+08  2.425689e-04 1.405166e-05
1.445440e+08 1.479108e+08  2.454521e-04 1.396328e-05
1.479108e+08 1.513561e+08  2.244832e-04 1.318249e-05
1.513561e+08 1.548817e+08  2.422360e-04 1.354647e-05
1.548817e+08 1.584893e+08  2.401899e-04 1.336901e-05
1.584893e+08 1.621810e+08  2.179833e-04 1.262329e-05
1.621810e+08 1.659587e+08  2.168661e-04 1.246787e-05
1.659587e+08 1.698244e+08  2.168469e-04 1.232760e-05
1.698244e+08 1.737801e+08  1.871414e-04 1.130663e-05
1.737801e+08 1.778279e+08  1.871009e-04 1.116422e-05
1.778279e+08 1.819701e+08  1.816384e-04 1.087795e-05
1.819701e+08 1.862087e+08  1.772107e-04 1.063795e-05
1.862087e+08 1.905461e+08  2.010080e-04 1.121946e-05
1.905461e+08 1.949845e+08  1.980863e-04 1.101601e-05
1.949845e+08 1.995262e+08  1.722133e-04 1.014798e-05
1.995262e+08 2.041738e+08  1.721518e-04 1.002621e-05
2.041738e+08 2.089296e+08  1.663173e-04 9.743781e-06
2.089296e+08 2.137962e+08  1.627262e-04 9.531263e-06
2.137962e+08 2.187762e+08  1.439982e-04 8.866919e-06
2.187762e+08 2.238721e+08  1.324128e-04 8.408734e-06
2.238721e+08 2.290868e+08  1.475723e-04 8.778851e-06
2.290868e+08 2.344229e+08  1.334748e-04 8.256616e-06
2.344229e+08 2.398833e+08  1.332888e-04 8.159491e-06
2.398833e+08 2.454709e+08  1.211423e-04 7.692644e-06
2.454709e+08 2.511886e+08  1.139777e-04 7.378997e-06
2.511886e+08 2.570396e+08  1.129170e-04 7.263141e-06
2.570396e+08 2.630268e+08  1.283812e-04 7.658617e-06
2.630268e+08 2.691535e+08  1.216796e-04 7.373287e-06
2.691535e+08 2.754229e+08  1.172798e-04 7.158369e-06
2.754229e+08 2.818383e+08  1.049561e-04 6.696593e-06
2.818383e+08 2.884032e+08  1.006741e-04 6.485670e-06
2.884032e+08 2.951209e+08  9.921570e-05 6.366931e-06
2.951209e+08 3.019952e+08  9.289273e-05 6.092169e-06
3.019952e+08 3.090295e+08  1.020042e-04 6.312908e-06
3.090295e+08 3.162278e+08  9.269361e-05 5.950901e-06
3.162278e+08 3.235937e+08  9.634665e-05 5.999449e-06
3.235937e+08 3.311311e+08  7.956864e-05 5.391340e-06
3.311311e+08 3.388442e+08  7.834033e-05 5.289915e-06
3.388442e+08 3.467369e+08  8.941351e-05 5.588389e-06
3.467369e+08 3.548134e+08  8.812118e-05 5.485955e-06
3.548134e+08 3.630781e+08  8.060617e-05 5.188250e-06
3.630781e+08 3.715352e+08  7.659812e-05 5.001133e-06
3.715352e+08 3.801894e+08  6.748773e-05 4.641858e-06
3.801894e+08 3.890451e+08  7.319193e-05 4.780014e-06
3.890451e+08 3.981072e+08  7.255493e-05 4.705957e-06
3.981072e+08 4.073803e+08  6.765350e-05 4.493395e-06
4.073803e+08 4.168694e+08  6.282432e-05 4.281601e-06
4.168694e+08 4.265795e+08  6.326050e-05 4.248341e-06
4.265795e+08 4.365158e+08  6.184223e-05 4.153409e-06
4.365158e+08 4.466836e+08  5.836738e-05 3.989827e-06
4.466836e+08 4.570882e+08  6.446839e-05 4.146169e-06
4.570882e+08 4.677351e+08  5.520153e-05 3.793609e-06
4.677351e+08 4.786301e+08  6.036190e-05 3.922477e-06
4.786301e+08 4.897788e+08  4.755555e-05 3.442546e-06
4.897788e+08 5.011872e+08  5.205785e-05 3.561398e-06
5.011872e+08 5.128614e+08  5.024647e-05 3.459605e-06
5.128614e+08 5.248075e+08  5.309317e-05 3.516313e-06
5.248075e+08 5.370318e+08  4.957238e-05 3.359547e-06
5.370318e+08 5.495409e+08  4.318148e-05 3.100278e-06
5.495409e+08 5.623413e+08  4.503662e-05 3.130578e-06
5.623413e+08 5.754399e+08  4.320334e-05 3.031714e-06
5.754399e+08 5.888437e+08  4.697081e-05 3.125572e-06
5.888437e+08 6.025596e+08  4.481941e-05 3.018791e-06
6.025596e+08 6.165950e+08  3.892460e-05 2.781602e-06
6.165950e+08 6.309573e+08  3.546725e-05 2.625291e-06
6.309573e+08 6.456542e+08  3.919729e-05 2.728795e-06
6.456542e+08 6.606934e+08  4.548970e-05 2.906549e-06
6.606934e+08 6.760830e+08  4.077249e-05 2.720705e-06
6.760830e+08 6.918310e+08  3.930592e-05 2.641202e-06
6.918310e+08 7.079458e+08  3.709430e-05 2.536877e-06
7.079458e+08 7.244360e+08  3.217677e-05 2.336085e-06
7.244360e+08 7.413102e+08  3.995545e-05 2.573805e-06
7.413102e+08 7.585776e+08  3.108213e-05 2.244459e-06
7.585776e+08 7.762471e+08  3.025794e-05 2.189491e-06
7.762471e+08 7.943282e+08  3.043775e-05 2.171223e-06
7.943282e+08 8.128305e+08  3.385525e-05 2.264251e-06
8.128305e+08 8.317638e+08  3.094027e-05 2.140967e-06
8.317638e+08 8.511380e+08  3.109102e-05 2.125629e-06
8.511380e+08 8.709636e+08  3.060135e-05 2.096058e-06
8.709636e+08 8.912509e+08  2.911813e-05 2.047317e-06
8.912509e+08 9.120108e+08  2.915191e-05 2.078645e-06
9.120108e+08 9.332543e+08  3.005945e-05 2.182909e-06
9.332543e+08 9.549926e+08  3.654655e-05 2.567355e-06
9.549926e+08 9.772372e+08  5.110972e-05 3.353174e-06
9.772372e+08 1.000000e+09  5.494149e-05 3.984200e-06
