#Simulations - S.A. Kopanos 
#Elow[eV] Eup[eV] n/cm2/eV/pp
1.28721E-03	1.43620E-03								2.22073E+07
1.60244E-03	1.78792E-03								3.56528E+07
1.78792E-03	1.99486E-03								3.20185E+07
1.99486E-03	2.22576E-03								4.29433E+07
2.22576E-03	2.48339E-03								1.28576E+07
2.48339E-03	2.77083E-03								1.14937E+07
2.77083E-03	3.09155E-03								3.09370E+07
3.09155E-03	3.44939E-03								4.61998E+07
3.44939E-03	3.84865E-03								1.65762E+07
3.84865E-03	4.29412E-03								3.71255E+07
4.29412E-03	4.79115E-03								4.66313E+07
4.79115E-03	5.34571E-03								2.38302E+07
5.34571E-03	5.96447E-03								3.20540E+07
5.96447E-03	6.65484E-03								4.43278E+07
6.65484E-03	7.42512E-03								7.29757E+07
7.42512E-03	8.28456E-03								6.92426E+07
8.28456E-03	9.24347E-03								6.47779E+07
9.24347E-03	1.03134E-02								4.95305E+07
1.03134E-02	1.15071E-02								5.26658E+07
1.15071E-02	1.28390E-02								9.08469E+07
1.28390E-02	1.43251E-02								1.13614E+08
1.43251E-02	1.59832E-02								1.38551E+08
1.59832E-02	1.78332E-02								1.03694E+08
1.78332E-02	1.98974E-02								1.19283E+08
1.98974E-02	2.22005E-02								1.26390E+08
2.22005E-02	2.47701E-02								1.45159E+08
2.47701E-02	2.76372E-02								1.39274E+08
2.76372E-02	3.08361E-02								1.57417E+08
3.08361E-02	3.44053E-02								1.75524E+08
3.44053E-02	3.83876E-02								1.50401E+08
3.83876E-02	4.28309E-02								1.68930E+08
4.28309E-02	4.77884E-02								1.54157E+08
4.77884E-02	5.33198E-02								1.41235E+08
5.33198E-02	5.94915E-02								1.39316E+08
5.94915E-02	6.63774E-02								1.21448E+08
6.63774E-02	7.40605E-02								1.09713E+08
7.40605E-02	8.26327E-02								9.68951E+07
8.26327E-02	9.21973E-02								8.68795E+07
9.21973E-02	1.02869E-01								6.47547E+07
1.02869E-01	1.14776E-01								5.04322E+07
1.14776E-01	1.28061E-01								4.17779E+07
1.28061E-01	1.42883E-01								3.56644E+07
1.42883E-01	1.59422E-01								2.69125E+07
1.59422E-01	1.77874E-01								2.16940E+07
1.77874E-01	1.98463E-01								1.64705E+07
1.98463E-01	2.21434E-01								1.33535E+07
2.21434E-01	2.47065E-01								1.20009E+07
2.47065E-01	2.75662E-01								9.56661E+06
2.75662E-01	3.07569E-01								7.81136E+06
3.07569E-01	3.43169E-01								7.53153E+06
3.43169E-01	3.82890E-01								6.41440E+06
3.82890E-01	4.27209E-01								6.71179E+06
4.27209E-01	4.76657E-01								6.10898E+06
4.76657E-01	5.31829E-01								5.85641E+06
5.31829E-01	5.93387E-01								5.00393E+06
5.93387E-01	6.62069E-01								3.76210E+06
6.62069E-01	7.38702E-01								3.82257E+06
7.38702E-01	8.24205E-01								3.97131E+06
8.24205E-01	9.19605E-01								3.15999E+06
9.19605E-01	1.02605E+00								3.39608E+06
1.02605E+00	1.14481E+00								2.28587E+06
1.14481E+00	1.27732E+00								3.01318E+06
1.27732E+00	1.42516E+00								2.37039E+06
1.42516E+00	1.59012E+00								1.95928E+06
1.59012E+00	1.77417E+00								2.13994E+06
1.77417E+00	1.97953E+00								1.71841E+06
1.97953E+00	2.20866E+00								1.70679E+06
2.20866E+00	2.46430E+00								1.41239E+06
2.46430E+00	2.74954E+00								1.46351E+06
2.74954E+00	3.06779E+00								1.30274E+06
3.06779E+00	3.42288E+00								1.03916E+06
3.42288E+00	3.81907E+00								9.71833E+05
3.81907E+00	4.26111E+00								9.32968E+05
4.26111E+00	4.75433E+00								8.07120E+05
4.75433E+00	5.30463E+00								6.56344E+05
5.30463E+00	5.91862E+00								7.54356E+05
5.91862E+00	6.60369E+00								6.17907E+05
6.60369E+00	7.36805E+00								6.41067E+05
7.36805E+00	8.22088E+00								4.58691E+05
8.22088E+00	9.17242E+00								4.92819E+05
9.17242E+00	1.02341E+01								4.68032E+05
1.02341E+01	1.14187E+01								3.74943E+05
1.14187E+01	1.27404E+01								3.60531E+05
1.27404E+01	1.42150E+01								2.82724E+05
1.42150E+01	1.58604E+01								2.54275E+05
1.58604E+01	1.76962E+01								2.42459E+05
1.76962E+01	1.97445E+01								2.23170E+05
1.97445E+01	2.20298E+01								2.23244E+05
2.20298E+01	2.45797E+01								2.00175E+05
2.45797E+01	2.74248E+01								1.72094E+05
2.74248E+01	3.05991E+01								1.72260E+05
3.05991E+01	3.41409E+01								1.46008E+05
3.41409E+01	3.80926E+01								1.18723E+05
3.80926E+01	4.25017E+01								1.10438E+05
4.25017E+01	4.74211E+01								9.04138E+04
4.74211E+01	5.29100E+01								9.10775E+04
5.29100E+01	5.90342E+01								8.78361E+04
5.90342E+01	6.58673E+01								7.92644E+04
6.58673E+01	7.34912E+01								6.20372E+04
7.34912E+01	8.19976E+01								5.18519E+04
8.19976E+01	9.14886E+01								5.35905E+04
9.14886E+01	1.02078E+02								5.64233E+04
1.02078E+02	1.13893E+02								4.23522E+04
1.13893E+02	1.27076E+02								4.19099E+04
1.27076E+02	1.41785E+02								4.09531E+04
1.41785E+02	1.58196E+02								3.39445E+04
1.58196E+02	1.76507E+02								2.82718E+04
1.76507E+02	1.96937E+02								2.88103E+04
1.96937E+02	2.19732E+02								2.75009E+04
2.19732E+02	2.45166E+02								2.05943E+04
2.45166E+02	2.73543E+02								2.29336E+04
2.73543E+02	3.05205E+02								1.59262E+04
3.05205E+02	3.40532E+02								1.49018E+04
3.40532E+02	3.79947E+02								1.54167E+04
3.79947E+02	4.23925E+02								1.42925E+04
4.23925E+02	4.72993E+02								1.18240E+04
4.72993E+02	5.27741E+02								1.07641E+04
5.27741E+02	5.88826E+02								1.01953E+04
5.88826E+02	6.56981E+02								8.28738E+03
6.56981E+02	7.33024E+02								7.39209E+03
7.33024E+02	8.17870E+02								7.66051E+03
8.17870E+02	9.12536E+02								6.61146E+03
9.12536E+02	1.01816E+03								5.62507E+03
1.01816E+03	1.13601E+03								5.60127E+03
1.13601E+03	1.26750E+03								5.04606E+03
1.26750E+03	1.41421E+03								4.60601E+03
1.41421E+03	1.57790E+03								4.03771E+03
1.57790E+03	1.76054E+03								3.90933E+03
1.76054E+03	1.96432E+03								3.91084E+03
1.96432E+03	2.19168E+03								3.17431E+03
2.19168E+03	2.44536E+03								3.30175E+03
2.44536E+03	2.72840E+03								2.72519E+03
2.72840E+03	3.04421E+03								2.84425E+03
3.04421E+03	3.39657E+03								2.54905E+03
3.39657E+03	3.78971E+03								2.27776E+03
3.78971E+03	4.22836E+03								2.06407E+03
4.22836E+03	4.71778E+03								2.04386E+03
4.71778E+03	5.26386E+03								2.01998E+03
5.26386E+03	5.87313E+03								1.84361E+03
5.87313E+03	6.55293E+03								1.22092E+03
6.55293E+03	7.31142E+03								1.35548E+03
7.31142E+03	8.15769E+03								1.15998E+03
8.15769E+03	9.10192E+03								1.12361E+03
9.10192E+03	1.01554E+04								1.20808E+03
1.01554E+04	1.13309E+04								1.16291E+03
1.13309E+04	1.26424E+04								1.03664E+03
1.26424E+04	1.41058E+04								1.11851E+03
1.41058E+04	1.57385E+04								1.03544E+03
1.57385E+04	1.75602E+04								1.02294E+03
1.75602E+04	1.95927E+04								1.13329E+03
1.95927E+04	2.18605E+04								1.06792E+03
2.18605E+04	2.43908E+04								1.09886E+03
2.43908E+04	2.72140E+04								1.21769E+03
2.72140E+04	3.03639E+04								8.07244E+02
3.03639E+04	3.38785E+04								5.47584E+02
3.38785E+04	3.77998E+04								1.85297E+02
3.77998E+04	4.21750E+04								3.15778E+02
4.21750E+04	4.70567E+04								4.47052E+02
4.70567E+04	5.25033E+04								4.83085E+02
5.25033E+04	5.85805E+04								5.00500E+02
5.85805E+04	6.53610E+04								5.16052E+02
6.53610E+04	7.29264E+04								5.37897E+02
7.29264E+04	8.13674E+04								3.95585E+02
8.13674E+04	9.07854E+04								1.37054E+02
9.07854E+04	1.01294E+05								1.59208E+02
1.01294E+05	1.13018E+05								2.91832E+02
1.13018E+05	1.26100E+05								2.41600E+02
1.26100E+05	1.40695E+05								3.33783E+02
1.40695E+05	1.56980E+05								9.88969E+01
1.56980E+05	1.75151E+05								1.13919E+02
1.75151E+05	1.95424E+05								1.69881E+02
1.95424E+05	2.18044E+05								9.85281E+01
2.18044E+05	2.43281E+05								1.20578E+02
2.43281E+05	2.71441E+05								1.63539E+02
2.71441E+05	3.02859E+05								9.93192E+01
3.02859E+05	3.37914E+05								8.39516E+01
3.37914E+05	3.77027E+05								6.88614E+01
3.77027E+05	4.20667E+05								4.35120E+01
4.20667E+05	4.69358E+05								3.46932E+01
4.69358E+05	5.23685E+05								6.32150E+01
5.23685E+05	5.84300E+05								5.65281E+01
5.84300E+05	6.51931E+05								5.81376E+01
6.51931E+05	7.27390E+05								5.57282E+01
7.27390E+05	8.11584E+05								3.35686E+01
8.11584E+05	9.05522E+05								2.19754E+01
9.05522E+05	1.01033E+06								1.20816E+01
1.01033E+06	1.12728E+06								1.40545E+01
1.12728E+06	1.25776E+06								1.51781E+01
1.25776E+06	1.40334E+06								1.16142E+01
1.40334E+06	1.56577E+06								1.26674E+01
1.56577E+06	1.74701E+06								1.05221E+01
1.74701E+06	1.94922E+06								9.26563E+00
1.94922E+06	2.17483E+06								7.84394E+00
2.17483E+06	2.42657E+06								1.01530E+01
2.42657E+06	2.70743E+06								5.40615E+00
2.70743E+06	3.02081E+06								3.32001E+00
3.02081E+06	3.37046E+06								1.76776E+00
3.37046E+06	3.76059E+06								9.49709E-01
3.76059E+06	4.19586E+06								9.30715E-01
4.19586E+06	4.68152E+06								9.63064E-01
4.68152E+06	5.22340E+06								8.92636E-01
5.22340E+06	5.82799E+06								7.09758E-01
5.82799E+06	6.50257E+06								7.00749E-01
6.50257E+06	7.25522E+06								6.04839E-01
7.25522E+06	8.09499E+06								4.09245E-01
8.09499E+06	9.03197E+06								4.76048E-01
9.03197E+06	1.00774E+07								3.40068E-01
1.00774E+07	1.12438E+07								2.35916E-01
1.12438E+07	1.25453E+07								1.81094E-01
1.25453E+07	1.39973E+07								1.98478E-01
1.39973E+07	1.56175E+07								1.75516E-01
1.56175E+07	1.74252E+07								1.98157E-01
1.74252E+07	1.94421E+07								1.53158E-01
1.94421E+07	2.16925E+07								1.74523E-01
2.16925E+07	2.42033E+07								1.45026E-01
2.42033E+07	2.70048E+07								1.16704E-01
2.70048E+07	3.01305E+07								1.24120E-01
3.01305E+07	3.36181E+07								1.23141E-01
3.36181E+07	3.75093E+07								1.30991E-01
3.75093E+07	4.18509E+07								1.61899E-01
4.18509E+07	4.66950E+07								1.28788E-01
4.66950E+07	5.20998E+07								1.50120E-01
5.20998E+07	5.81302E+07								1.70543E-01
5.81302E+07	6.48586E+07								1.44509E-01
6.48586E+07	7.23658E+07								1.30931E-01
7.23658E+07	8.07420E+07								1.24629E-01
8.07420E+07	9.00877E+07								1.18991E-01
9.00877E+07	1.00515E+08								9.58282E-02
1.00515E+08	1.12149E+08								8.04471E-02
1.12149E+08	1.25130E+08								7.53247E-02
1.25130E+08	1.39614E+08								6.80937E-02
1.39614E+08	1.55774E+08								4.73001E-02
1.55774E+08	1.73804E+08								3.36905E-02
1.73804E+08	1.93922E+08								2.84821E-02
1.93922E+08	2.16368E+08								1.94804E-02
2.16368E+08	2.41412E+08								1.15085E-02
2.41412E+08	2.69354E+08								1.07007E-02
2.69354E+08	3.00531E+08								6.57618E-03
3.00531E+08	3.35317E+08								3.23037E-03
3.35317E+08	3.74129E+08								2.21778E-03
3.74129E+08	4.17434E+08								8.39753E-04
4.17434E+08	4.65750E+08								3.41786E-04
4.65750E+08	5.19660E+08								4.29240E-04
5.19660E+08	5.79809E+08								3.84845E-04
5.79809E+08	6.46920E+08								9.87116E-05
