#From M Cecchetto, through MBacack
#Elow[eV]  Eup[eV]  n/cm2/eV/pp
4.240e-03 6.210e-03  5.671e+07 
6.210e-03 9.100e-03  3.732e+07 
9.100e-03 1.330e-02  5.417e+07 
1.330e-02 1.950e-02  1.179e+08 
1.950e-02 2.860e-02  1.357e+08 
2.860e-02 4.190e-02  1.745e+08 
4.190e-02 6.140e-02  1.213e+08 
6.140e-02 8.990e-02  9.212e+07 
8.990e-02 1.320e-01  4.449e+07 
1.320e-01 1.930e-01  2.230e+07 
1.930e-01 2.830e-01  1.181e+07 
2.830e-01 4.140e-01  1.017e+07 
4.140e-01 5.320e-01  8.343e+06 
5.320e-01 6.250e-01  6.503e+06 
6.250e-01 6.830e-01  5.966e+06 
6.830e-01 8.340e-01  4.383e+06 
8.340e-01 8.760e-01  8.080e+06 
8.760e-01 1.130e+00  3.234e+06 
1.130e+00 1.440e+00  3.347e+06 
1.440e+00 1.860e+00  3.010e+06 
1.860e+00 2.380e+00  2.259e+06 
2.380e+00 3.060e+00  2.032e+06 
3.060e+00 3.930e+00  1.411e+06 
3.930e+00 5.040e+00  1.202e+06 
5.040e+00 6.480e+00  8.611e+05 
6.480e+00 8.320e+00  6.516e+05 
8.320e+00 1.070e+01  5.575e+05 
1.070e+01 1.370e+01  4.173e+05 
1.370e+01 1.760e+01  3.234e+05 
1.760e+01 2.260e+01  3.281e+05 
2.260e+01 2.900e+01  2.690e+05 
2.900e+01 3.730e+01  1.508e+05 
3.730e+01 4.790e+01  1.422e+05 
4.790e+01 6.140e+01  1.120e+05 
6.140e+01 7.890e+01  9.873e+04 
7.890e+01 1.010e+02  8.145e+04 
1.010e+02 1.300e+02  5.938e+04 
1.300e+02 1.670e+02  4.387e+04 
1.670e+02 2.140e+02  3.783e+04 
2.140e+02 2.750e+02  2.837e+04 
2.750e+02 3.540e+02  2.120e+04 
3.540e+02 4.540e+02  1.889e+04 
4.540e+02 5.830e+02  1.019e+04 
5.830e+02 7.490e+02  1.282e+04 
7.490e+02 9.610e+02  1.071e+04 
9.610e+02 1.230e+03  7.161e+03 
1.230e+03 1.360e+03  6.731e+03 
1.360e+03 1.510e+03  6.091e+03 
1.510e+03 1.580e+03  6.280e+03 
1.580e+03 1.670e+03  5.201e+03 
1.670e+03 1.840e+03  4.929e+03 
1.840e+03 2.030e+03  6.232e+03 
2.030e+03 2.250e+03  4.805e+03 
2.250e+03 2.490e+03  2.885e+03 
2.490e+03 2.610e+03  4.074e+03 
2.610e+03 2.750e+03  3.923e+03 
2.750e+03 2.860e+03  4.313e+03 
2.860e+03 3.040e+03  4.915e+03 
3.040e+03 3.350e+03  4.626e+03 
3.350e+03 3.710e+03  3.445e+03 
3.710e+03 4.100e+03  2.698e+03 
4.100e+03 4.310e+03  2.628e+03 
4.310e+03 4.530e+03  1.713e+03 
4.530e+03 5.000e+03  2.718e+03 
5.000e+03 5.530e+03  2.473e+03 
5.530e+03 6.270e+03  1.753e+03 
6.270e+03 7.100e+03  1.368e+03 
7.100e+03 8.050e+03  1.721e+03 
8.050e+03 9.120e+03  1.037e+03 
9.120e+03 1.030e+04  1.089e+03 
1.030e+04 1.170e+04  2.035e+03 
1.170e+04 1.330e+04  1.447e+03 
1.330e+04 1.500e+04  1.437e+03 
1.500e+04 1.700e+04  1.196e+03 
1.700e+04 1.930e+04  1.446e+03 
1.930e+04 2.130e+04  1.580e+03 
2.130e+04 2.190e+04  1.733e+03 
2.190e+04 2.360e+04  1.887e+03 
2.360e+04 2.420e+04  2.697e+03 
2.420e+04 2.480e+04  3.074e+03 
2.480e+04 2.610e+04  4.459e+03 
2.610e+04 2.810e+04  1.262e+03 
2.810e+04 3.180e+04  6.568e+02 
3.180e+04 3.430e+04  3.256e+02 
3.430e+04 3.520e+04  1.640e+02 
3.520e+04 3.610e+04  1.914e+02 
3.610e+04 4.090e+04  4.662e+02 
4.090e+04 4.630e+04  6.583e+02 
4.630e+04 5.250e+04  1.047e+03 
5.250e+04 5.660e+04  1.083e+03 
5.660e+04 5.950e+04  1.558e+03 
5.950e+04 6.250e+04  1.632e+03 
6.250e+04 6.740e+04  1.388e+03 
6.740e+04 7.640e+04  1.601e+03 
7.640e+04 8.650e+04  6.064e+02 
8.650e+04 9.800e+04  2.502e+02 
9.800e+04 1.110e+05  7.238e+02 
1.110e+05 1.170e+05  1.003e+03 
1.170e+05 1.230e+05  4.949e+02 
1.230e+05 1.290e+05  1.484e+03 
1.290e+05 1.360e+05  1.156e+03 
1.360e+05 1.430e+05  4.989e+02 
1.430e+05 1.500e+05  2.897e+02 
1.500e+05 1.580e+05  3.403e+02 
1.580e+05 1.620e+05  3.549e+02 
1.620e+05 1.660e+05  4.650e+02 
1.660e+05 1.700e+05  5.111e+02 
1.700e+05 1.740e+05  5.224e+02 
1.740e+05 1.830e+05  7.247e+02 
1.830e+05 1.930e+05  6.231e+02 
1.930e+05 2.020e+05  5.444e+02 
2.020e+05 2.130e+05  5.355e+02 
2.130e+05 2.240e+05  4.877e+02 
2.240e+05 2.350e+05  6.332e+02 
2.350e+05 2.470e+05  7.662e+02 
2.470e+05 2.600e+05  8.271e+02 
2.600e+05 2.730e+05  9.856e+02 
2.730e+05 2.800e+05  6.301e+02 
2.800e+05 2.870e+05  3.463e+02 
2.870e+05 2.950e+05  4.400e+02 
2.950e+05 3.020e+05  6.686e+02 
3.020e+05 3.100e+05  6.554e+02 
3.100e+05 3.170e+05  6.451e+02 
3.170e+05 3.340e+05  5.358e+02 
3.340e+05 3.510e+05  8.428e+02 
3.510e+05 3.690e+05  4.768e+02 
3.690e+05 3.880e+05  5.950e+02 
3.880e+05 4.080e+05  5.679e+02 
4.080e+05 4.290e+05  4.322e+02 
4.290e+05 4.500e+05  4.497e+02 
4.500e+05 4.740e+05  5.506e+02 
4.740e+05 4.980e+05  5.230e+02 
4.980e+05 5.100e+05  7.932e+02 
5.100e+05 5.230e+05  7.407e+02 
5.230e+05 5.370e+05  3.331e+02 
5.370e+05 5.500e+05  5.399e+02 
5.500e+05 5.780e+05  4.689e+02 
5.780e+05 6.080e+05  5.039e+02 
6.080e+05 6.390e+05  4.743e+02 
6.390e+05 6.720e+05  3.696e+02 
6.720e+05 7.070e+05  4.836e+02 
7.070e+05 7.430e+05  3.838e+02 
7.430e+05 7.810e+05  3.464e+02 
7.810e+05 8.210e+05  2.602e+02 
8.210e+05 8.630e+05  2.400e+02 
8.630e+05 9.070e+05  2.845e+02 
9.070e+05 9.540e+05  3.112e+02 
9.540e+05 9.620e+05  3.624e+02 
9.620e+05 9.780e+05  2.760e+02 
9.780e+05 1.000e+06  2.507e+02 
1.000e+06 1.050e+06  2.486e+02 
1.050e+06 1.110e+06  2.637e+02 
1.110e+06 1.160e+06  1.872e+02 
1.160e+06 1.190e+06  1.549e+02 
1.190e+06 1.220e+06  2.057e+02 
1.220e+06 1.290e+06  1.356e+02 
1.290e+06 1.350e+06  1.756e+02 
1.350e+06 1.420e+06  1.347e+02 
1.420e+06 1.500e+06  1.097e+02 
1.500e+06 1.530e+06  1.183e+02 
1.530e+06 1.570e+06  1.199e+02 
1.570e+06 1.610e+06  1.233e+02 
1.610e+06 1.650e+06  1.277e+02 
1.650e+06 1.740e+06  8.858e+01 
1.740e+06 1.830e+06  7.479e+01 
1.830e+06 1.870e+06  9.273e+01 
1.870e+06 1.920e+06  7.976e+01 
1.920e+06 1.970e+06  5.776e+01 
1.970e+06 2.020e+06  7.805e+01 
2.020e+06 2.120e+06  4.801e+01 
2.120e+06 2.230e+06  4.703e+01 
2.230e+06 2.270e+06  5.134e+01 
2.270e+06 2.310e+06  3.131e+01 
2.310e+06 2.350e+06  3.411e+01 
2.350e+06 2.370e+06  4.258e+01 
2.370e+06 2.390e+06  3.513e+01 
2.390e+06 2.430e+06  3.443e+01 
2.430e+06 2.470e+06  4.625e+01 
2.470e+06 2.590e+06  2.794e+01 
2.590e+06 2.730e+06  2.210e+01 
2.730e+06 2.870e+06  1.555e+01 
2.870e+06 3.010e+06  1.743e+01 
3.010e+06 3.090e+06  1.411e+01 
3.090e+06 3.170e+06  1.144e+01 
3.170e+06 3.250e+06  1.408e+01 
3.250e+06 3.330e+06  9.852e+00 
3.330e+06 3.500e+06  5.764e+00 
3.500e+06 3.680e+06  7.870e+00 
3.680e+06 3.870e+06  5.414e+00 
3.870e+06 4.070e+06  4.355e+00 
4.070e+06 4.270e+06  3.555e+00 
4.270e+06 4.490e+06  2.918e+00 
4.490e+06 4.610e+06  4.025e+00 
4.610e+06 4.720e+06  3.924e+00 
4.720e+06 4.840e+06  4.251e+00 
4.840e+06 4.970e+06  2.907e+00 
4.970e+06 5.220e+06  2.318e+00 
5.220e+06 5.490e+06  3.472e+00 
5.490e+06 5.770e+06  3.476e+00 
5.770e+06 5.920e+06  1.738e+00 
5.920e+06 6.070e+06  3.866e+00 
6.070e+06 6.220e+06  2.910e+00 
6.220e+06 6.380e+06  2.322e+00 
6.380e+06 6.540e+06  2.642e+00 
6.540e+06 6.590e+06  2.414e+00 
6.590e+06 6.650e+06  3.128e+00 
6.650e+06 6.700e+06  9.126e-01 
6.700e+06 6.870e+06  2.753e+00 
6.870e+06 7.050e+06  3.149e+00 
7.050e+06 7.230e+06  3.073e+00 
7.230e+06 7.410e+06  2.331e+00 
7.410e+06 7.600e+06  2.057e+00 
7.600e+06 7.790e+06  1.891e+00 
7.790e+06 7.990e+06  2.128e+00 
7.990e+06 8.190e+06  1.482e+00 
8.190e+06 8.390e+06  1.567e+00 
8.390e+06 8.610e+06  2.633e+00 
8.610e+06 8.820e+06  8.293e-01 
8.820e+06 9.050e+06  2.366e+00 
9.050e+06 9.280e+06  1.286e+00 
9.280e+06 9.510e+06  1.471e+00 
9.510e+06 9.750e+06  1.594e+00 
9.750e+06 1.000e+07  1.481e+00 
1.000e+07 1.030e+07  1.606e+00 
1.030e+07 1.050e+07  1.674e+00 
1.050e+07 1.080e+07  1.412e+00 
1.080e+07 1.110e+07  1.031e+00 
1.110e+07 1.130e+07  1.343e+00 
1.130e+07 1.160e+07  1.488e+00 
1.160e+07 1.190e+07  1.277e+00 
1.190e+07 1.220e+07  1.481e+00 
1.220e+07 1.250e+07  8.789e-01 
1.250e+07 1.280e+07  7.700e-01 
1.280e+07 1.320e+07  4.688e-01 
1.320e+07 1.350e+07  4.570e-01 
1.350e+07 1.380e+07  7.131e-01 
1.380e+07 1.420e+07  6.392e-01 
1.420e+07 1.450e+07  1.213e+00 
1.450e+07 1.490e+07  6.612e-01 
1.490e+07 1.530e+07  7.281e-01 
1.530e+07 1.570e+07  4.893e-01 
1.570e+07 1.610e+07  6.931e-01 
1.610e+07 1.650e+07  8.482e-01 
1.650e+07 1.690e+07  5.345e-01 
1.690e+07 1.730e+07  4.507e-01 
1.730e+07 1.780e+07  6.015e-01 
1.780e+07 1.820e+07  4.291e-01 
1.820e+07 1.870e+07  9.474e-01 
1.870e+07 1.920e+07  9.694e-01 
1.920e+07 1.960e+07  8.011e-01 
1.960e+07 2.000e+07  1.192e+00 
2.000e+07 2.520e+07  5.380e-01 
2.520e+07 3.170e+07  3.642e-01 
3.170e+07 3.990e+07  3.194e-01 
3.990e+07 5.020e+07  3.236e-01 
5.020e+07 6.320e+07  3.185e-01 
6.320e+07 7.960e+07  2.500e-01 
7.960e+07 1.000e+08  1.219e-01 
1.000e+08 1.260e+08  1.369e-01 
1.260e+08 1.590e+08  9.060e-02 
1.590e+08 2.000e+08  4.764e-02 
2.000e+08 2.520e+08  1.415e-02 
2.520e+08 3.170e+08  7.182e-03 
3.170e+08 3.990e+08  2.484e-03 
3.990e+08 5.020e+08  1.377e-03 
5.020e+08 6.320e+08  7.813e-05 
