#scorer r=3cm 
#Elow[eV] Eup[eV] n/cm2/eV/pp
4.30518E-04	4.80349E-04								6.64418E+07
9.26727E-04	1.03399E-03								3.15410E+07
1.03399E-03	1.15368E-03								2.76795E+07
1.99486E-03	2.22576E-03								3.95674E+07
2.22576E-03	2.48339E-03								1.28475E+07
2.77083E-03	3.09155E-03								1.03312E+07
3.09155E-03	3.44939E-03								1.84920E+07
3.44939E-03	3.84865E-03								1.83402E+07
3.84865E-03	4.29412E-03								7.42181E+06
4.29412E-03	4.79115E-03								6.64371E+06
4.79115E-03	5.34571E-03								2.97994E+07
5.34571E-03	5.96447E-03								3.16081E+07
5.96447E-03	6.65484E-03								2.39478E+07
6.65484E-03	7.42512E-03								1.36609E+08
7.42512E-03	8.28456E-03								2.77353E+07
8.28456E-03	9.24347E-03								4.67003E+07
9.24347E-03	1.03134E-02								2.26701E+07
1.03134E-02	1.15071E-02								6.88206E+07
1.15071E-02	1.28390E-02								1.58578E+08
1.28390E-02	1.43251E-02								5.41811E+07
1.43251E-02	1.59832E-02								6.02570E+07
1.59832E-02	1.78332E-02								8.12683E+07
1.78332E-02	1.98974E-02								1.01976E+08
1.98974E-02	2.22005E-02								1.08310E+08
2.22005E-02	2.47701E-02								9.43987E+07
2.47701E-02	2.76372E-02								1.17540E+08
2.76372E-02	3.08361E-02								1.18002E+08
3.08361E-02	3.44053E-02								1.23949E+08
3.44053E-02	3.83876E-02								1.17381E+08
3.83876E-02	4.28309E-02								1.17723E+08
4.28309E-02	4.77884E-02								1.27977E+08
4.77884E-02	5.33198E-02								1.28931E+08
5.33198E-02	5.94915E-02								1.16668E+08
5.94915E-02	6.63774E-02								1.02418E+08
6.63774E-02	7.40605E-02								1.03133E+08
7.40605E-02	8.26327E-02								7.98148E+07
8.26327E-02	9.21973E-02								6.90665E+07
9.21973E-02	1.02869E-01								5.77852E+07
1.02869E-01	1.14776E-01								4.87173E+07
1.14776E-01	1.28061E-01								3.95092E+07
1.28061E-01	1.42883E-01								3.44224E+07
1.42883E-01	1.59422E-01								2.37817E+07
1.59422E-01	1.77874E-01								2.02391E+07
1.77874E-01	1.98463E-01								1.70967E+07
1.98463E-01	2.21434E-01								1.27204E+07
2.21434E-01	2.47065E-01								1.33003E+07
2.47065E-01	2.75662E-01								1.17112E+07
2.75662E-01	3.07569E-01								7.71668E+06
3.07569E-01	3.43169E-01								8.66818E+06
3.43169E-01	3.82890E-01								7.24210E+06
3.82890E-01	4.27209E-01								8.79209E+06
4.27209E-01	4.76657E-01								7.84337E+06
4.76657E-01	5.31829E-01								6.99361E+06
5.31829E-01	5.93387E-01								6.61743E+06
5.93387E-01	6.62069E-01								4.65622E+06
6.62069E-01	7.38702E-01								4.88060E+06
7.38702E-01	8.24205E-01								4.35286E+06
8.24205E-01	9.19605E-01								5.27727E+06
9.19605E-01	1.02605E+00								3.65351E+06
1.02605E+00	1.14481E+00								3.08028E+06
1.14481E+00	1.27732E+00								3.12551E+06
1.27732E+00	1.42516E+00								2.64587E+06
1.42516E+00	1.59012E+00								2.72673E+06
1.59012E+00	1.77417E+00								2.36104E+06
1.77417E+00	1.97953E+00								1.99049E+06
1.97953E+00	2.20866E+00								2.03392E+06
2.20866E+00	2.46430E+00								1.85431E+06
2.46430E+00	2.74954E+00								1.68406E+06
2.74954E+00	3.06779E+00								1.47690E+06
3.06779E+00	3.42288E+00								1.38665E+06
3.42288E+00	3.81907E+00								1.16457E+06
3.81907E+00	4.26111E+00								1.22970E+06
4.26111E+00	4.75433E+00								1.01629E+06
4.75433E+00	5.30463E+00								8.24666E+05
5.30463E+00	5.91862E+00								9.40524E+05
5.91862E+00	6.60369E+00								6.48977E+05
6.60369E+00	7.36805E+00								6.54612E+05
7.36805E+00	8.22088E+00								5.96594E+05
8.22088E+00	9.17242E+00								5.56947E+05
9.17242E+00	1.02341E+01								5.75119E+05
1.02341E+01	1.14187E+01								5.07320E+05
1.14187E+01	1.27404E+01								4.86125E+05
1.27404E+01	1.42150E+01								4.02093E+05
1.42150E+01	1.58604E+01								3.35698E+05
1.58604E+01	1.76962E+01								3.15498E+05
1.76962E+01	1.97445E+01								3.12926E+05
1.97445E+01	2.20298E+01								3.06074E+05
2.20298E+01	2.45797E+01								3.00454E+05
2.45797E+01	2.74248E+01								2.01352E+05
2.74248E+01	3.05991E+01								1.76556E+05
3.05991E+01	3.41409E+01								1.88788E+05
3.41409E+01	3.80926E+01								1.83880E+05
3.80926E+01	4.25017E+01								1.35795E+05
4.25017E+01	4.74211E+01								1.17984E+05
4.74211E+01	5.29100E+01								1.16936E+05
5.29100E+01	5.90342E+01								1.28948E+05
5.90342E+01	6.58673E+01								1.05927E+05
6.58673E+01	7.34912E+01								9.93101E+04
7.34912E+01	8.19976E+01								7.85121E+04
8.19976E+01	9.14886E+01								7.24254E+04
9.14886E+01	1.02078E+02								7.57900E+04
1.02078E+02	1.13893E+02								6.45908E+04
1.13893E+02	1.27076E+02								5.74380E+04
1.27076E+02	1.41785E+02								5.45526E+04
1.41785E+02	1.58196E+02								4.57672E+04
1.58196E+02	1.76507E+02								4.06662E+04
1.76507E+02	1.96937E+02								3.89323E+04
1.96937E+02	2.19732E+02								3.28355E+04
2.19732E+02	2.45166E+02								3.05727E+04
2.45166E+02	2.73543E+02								2.93845E+04
2.73543E+02	3.05205E+02								2.47879E+04
3.05205E+02	3.40532E+02								1.50881E+04
3.40532E+02	3.79947E+02								1.02359E+04
3.79947E+02	4.23925E+02								1.72752E+04
4.23925E+02	4.72993E+02								1.58283E+04
4.72993E+02	5.27741E+02								1.22782E+04
5.27741E+02	5.88826E+02								1.19971E+04
5.88826E+02	6.56981E+02								1.20706E+04
6.56981E+02	7.33024E+02								1.16343E+04
7.33024E+02	8.17870E+02								9.50038E+03
8.17870E+02	9.12536E+02								8.19993E+03
9.12536E+02	1.01816E+03								7.90210E+03
1.01816E+03	1.13601E+03								5.86110E+03
1.13601E+03	1.26750E+03								7.20133E+03
1.26750E+03	1.41421E+03								6.09064E+03
1.41421E+03	1.57790E+03								6.04571E+03
1.57790E+03	1.76054E+03								5.52669E+03
1.76054E+03	1.96432E+03								5.27498E+03
1.96432E+03	2.19168E+03								4.20398E+03
2.19168E+03	2.44536E+03								2.97487E+03
2.44536E+03	2.72840E+03								3.07734E+03
2.72840E+03	3.04421E+03								3.47734E+03
3.04421E+03	3.39657E+03								3.35507E+03
3.39657E+03	3.78971E+03								3.10073E+03
3.78971E+03	4.22836E+03								2.28904E+03
4.22836E+03	4.71778E+03								2.16176E+03
4.71778E+03	5.26386E+03								2.38807E+03
5.26386E+03	5.87313E+03								2.07958E+03
5.87313E+03	6.55293E+03								1.63319E+03
6.55293E+03	7.31142E+03								1.47217E+03
7.31142E+03	8.15769E+03								8.58388E+02
8.15769E+03	9.10192E+03								8.32496E+02
9.10192E+03	1.01554E+04								1.26449E+03
1.01554E+04	1.13309E+04								1.42301E+03
1.13309E+04	1.26424E+04								1.35274E+03
1.26424E+04	1.41058E+04								1.26644E+03
1.41058E+04	1.57385E+04								1.08617E+03
1.57385E+04	1.75602E+04								1.03467E+03
1.75602E+04	1.95927E+04								1.25393E+03
1.95927E+04	2.18605E+04								1.49181E+03
2.18605E+04	2.43908E+04								1.95288E+03
2.43908E+04	2.72140E+04								2.40516E+03
2.72140E+04	3.03639E+04								4.76203E+02
3.03639E+04	3.38785E+04								5.41018E+02
3.38785E+04	3.77998E+04								2.63773E+02
3.77998E+04	4.21750E+04								5.38686E+02
4.21750E+04	4.70567E+04								7.94894E+02
4.70567E+04	5.25033E+04								8.12587E+02
5.25033E+04	5.85805E+04								1.01401E+03
5.85805E+04	6.53610E+04								1.26038E+03
6.53610E+04	7.29264E+04								1.32929E+03
7.29264E+04	8.13674E+04								7.95180E+02
8.13674E+04	9.07854E+04								2.81387E+02
9.07854E+04	1.01294E+05								4.00992E+02
1.01294E+05	1.13018E+05								8.07542E+02
1.13018E+05	1.26100E+05								7.33359E+02
1.26100E+05	1.40695E+05								1.00102E+03
1.40695E+05	1.56980E+05								2.57903E+02
1.56980E+05	1.75151E+05								4.15985E+02
1.75151E+05	1.95424E+05								6.10182E+02
1.95424E+05	2.18044E+05								4.06545E+02
2.18044E+05	2.43281E+05								5.70890E+02
2.43281E+05	2.71441E+05								7.79077E+02
2.71441E+05	3.02859E+05								5.06264E+02
3.02859E+05	3.37914E+05								5.61792E+02
3.37914E+05	3.77027E+05								5.79243E+02
3.77027E+05	4.20667E+05								5.33738E+02
4.20667E+05	4.69358E+05								4.50020E+02
4.69358E+05	5.23685E+05								6.49161E+02
5.23685E+05	5.84300E+05								4.43777E+02
5.84300E+05	6.51931E+05								4.57055E+02
6.51931E+05	7.27390E+05								4.36173E+02
7.27390E+05	8.11584E+05								3.08908E+02
8.11584E+05	9.05522E+05								2.43076E+02
9.05522E+05	1.01033E+06								2.84619E+02
1.01033E+06	1.12728E+06								2.43627E+02
1.12728E+06	1.25776E+06								1.74577E+02
1.25776E+06	1.40334E+06								1.61158E+02
1.40334E+06	1.56577E+06								1.26833E+02
1.56577E+06	1.74701E+06								1.01041E+02
1.74701E+06	1.94922E+06								8.35016E+01
1.94922E+06	2.17483E+06								5.74332E+01
2.17483E+06	2.42657E+06								4.34269E+01
2.42657E+06	2.70743E+06								2.79048E+01
2.70743E+06	3.02081E+06								1.83002E+01
3.02081E+06	3.37046E+06								1.28701E+01
3.37046E+06	3.76059E+06								8.94370E+00
3.76059E+06	4.19586E+06								6.74284E+00
4.19586E+06	4.68152E+06								5.21723E+00
4.68152E+06	5.22340E+06								3.83886E+00
5.22340E+06	5.82799E+06								3.31982E+00
5.82799E+06	6.50257E+06								3.01085E+00
6.50257E+06	7.25522E+06								2.45873E+00
7.25522E+06	8.09499E+06								2.17156E+00
8.09499E+06	9.03197E+06								1.74529E+00
9.03197E+06	1.00774E+07								1.40618E+00
1.00774E+07	1.12438E+07								1.20911E+00
1.12438E+07	1.25453E+07								1.15900E+00
1.25453E+07	1.39973E+07								1.11811E+00
1.39973E+07	1.56175E+07								8.54424E-01
1.56175E+07	1.74252E+07								7.47899E-01
1.74252E+07	1.94421E+07								6.32630E-01
1.94421E+07	2.16925E+07								5.60053E-01
2.16925E+07	2.42033E+07								4.92274E-01
2.42033E+07	2.70048E+07								4.32818E-01
2.70048E+07	3.01305E+07								4.29715E-01
3.01305E+07	3.36181E+07								3.40750E-01
3.36181E+07	3.75093E+07								3.89940E-01
3.75093E+07	4.18509E+07								3.74730E-01
4.18509E+07	4.66950E+07								3.58145E-01
4.66950E+07	5.20998E+07								3.16403E-01
5.20998E+07	5.81302E+07								3.20798E-01
5.81302E+07	6.48586E+07								2.84957E-01
6.48586E+07	7.23658E+07								2.65394E-01
7.23658E+07	8.07420E+07								2.30733E-01
8.07420E+07	9.00877E+07								2.08103E-01
9.00877E+07	1.00515E+08								1.76862E-01
1.00515E+08	1.12149E+08								1.40854E-01
1.12149E+08	1.25130E+08								1.15578E-01
1.25130E+08	1.39614E+08								9.11885E-02
1.39614E+08	1.55774E+08								7.21105E-02
1.55774E+08	1.73804E+08								5.84235E-02
1.73804E+08	1.93922E+08								4.37928E-02
1.93922E+08	2.16368E+08								2.86642E-02
2.16368E+08	2.41412E+08								1.90278E-02
2.41412E+08	2.69354E+08								1.35034E-02
2.69354E+08	3.00531E+08								1.01140E-02
3.00531E+08	3.35317E+08								3.51583E-03
3.35317E+08	3.74129E+08								2.55651E-03
3.74129E+08	4.17434E+08								1.37811E-03
4.17434E+08	4.65750E+08								6.15407E-04
4.65750E+08	5.19660E+08								4.28953E-04
5.19660E+08	5.79809E+08								1.64894E-04
5.79809E+08	6.46920E+08								0.00000E+00
6.46920E+08	7.21800E+08								1.32323E-04
7.21800E+08	8.05346E+08								0.00000E+00
8.05346E+08	8.98563E+08								3.54944E-05
8.98563E+08	1.00257E+09								3.17403E-05
