# TRIGA Mark-II Core Spectrum (Central Thimble)
# Flux normalization: Phi_th = 1.0e12 n/cm2/s, Phi_epi = 5.0e10 n/cm2/s
# Grid: 20 Bins/Decade (1.0e-3 eV to 2.0e7 eV)
# Elow[eV]       Eup[eV]        Flux_Density[n/eV/cm2/s]
1.000000e-03 1.122031e-03 1.592841e+12
1.122031e-03 1.258954e-03 1.778113e+12
1.258954e-03 1.412586e-03 1.983699e+12
1.412586e-03 1.584966e-03 2.211509e+12
1.584966e-03 1.778382e-03 2.463546e+12
1.778382e-03 1.995400e-03 2.741893e+12
1.995400e-03 2.238902e-03 3.048677e+12
2.238902e-03 2.512118e-03 3.386033e+12
2.512118e-03 2.818675e-03 3.756046e+12
2.818675e-03 3.162642e-03 4.160686e+12
3.162642e-03 3.548583e-03 4.601711e+12
3.548583e-03 3.981622e-03 5.080555e+12
3.981622e-03 4.467505e-03 5.598188e+12
4.467505e-03 5.012680e-03 6.154941e+12
5.012680e-03 5.624384e-03 6.750306e+12
5.624384e-03 6.310736e-03 7.382695e+12
6.310736e-03 7.080844e-03 8.049167e+12
7.080844e-03 7.944929e-03 8.745133e+12
7.944929e-03 8.914459e-03 9.464029e+12
8.914459e-03 1.000230e-02 1.019699e+13
1.000230e-02 1.122290e-02 1.093256e+13
1.122290e-02 1.259244e-02 1.165637e+13
1.259244e-02 1.412912e-02 1.235107e+13
1.412912e-02 1.585331e-02 1.299621e+13
1.585331e-02 1.778791e-02 1.356851e+13
1.778791e-02 1.995860e-02 1.404232e+13
1.995860e-02 2.239417e-02 1.439047e+13
2.239417e-02 2.512696e-02 1.458560e+13
2.512696e-02 2.819324e-02 1.460189e+13
2.819324e-02 3.163370e-02 1.441731e+13
3.163370e-02 3.549400e-02 1.401619e+13
3.549400e-02 3.982539e-02 1.339197e+13
3.982539e-02 4.468533e-02 1.254987e+13
4.468533e-02 5.013835e-02 1.150883e+13
5.013835e-02 5.625680e-02 1.030250e+13
5.625680e-02 6.312189e-02 8.978521e+12
6.312189e-02 7.082474e-02 7.595781e+12
7.082474e-02 7.946758e-02 6.219590e+12
7.946758e-02 8.916512e-02 4.915053e+12
8.916512e-02 1.000461e-01 3.739557e+12
1.000461e-01 1.122548e-01 2.735701e+12
1.122548e-01 1.259534e-01 1.926259e+12
1.259534e-01 1.413237e-01 1.312496e+12
1.413237e-01 1.585696e-01 8.764407e+11
1.585696e-01 1.779201e-01 5.866394e+11
1.779201e-01 1.996319e-01 4.058153e+11
1.996319e-01 2.239933e-01 2.982761e+11
2.239933e-01 2.513275e-01 2.351260e+11
2.513275e-01 2.819973e-01 1.963210e+11
2.819973e-01 3.164099e-01 1.699060e+11
3.164099e-01 3.550218e-01 1.497109e+11
3.550218e-01 3.983456e-01 1.329198e+11
3.983456e-01 4.469562e-01 1.183359e+11
4.469562e-01 5.014989e-01 1.054399e+11
5.014989e-01 5.626975e-01 9.396820e+10
5.626975e-01 6.313643e-01 8.374779e+10
6.313643e-01 7.084105e-01 7.463939e+10
7.084105e-01 7.948588e-01 6.652165e+10
7.948588e-01 8.918565e-01 5.928680e+10
8.918565e-01 1.000691e+00 5.283881e+10
1.000691e+00 1.122807e+00 4.709209e+10
1.122807e+00 1.259824e+00 4.197038e+10
1.259824e+00 1.413562e+00 3.740571e+10
1.413562e+00 1.586061e+00 3.333749e+10
1.586061e+00 1.779611e+00 2.971172e+10
1.779611e+00 1.996779e+00 2.648029e+10
1.996779e+00 2.240449e+00 2.360031e+10
2.240449e+00 2.513854e+00 2.103356e+10
2.513854e+00 2.820623e+00 1.874596e+10
2.820623e+00 3.164827e+00 1.670716e+10
3.164827e+00 3.551035e+00 1.489010e+10
3.551035e+00 3.984373e+00 1.327066e+10
3.984373e+00 4.470592e+00 1.182735e+10
4.470592e+00 5.016144e+00 1.054101e+10
5.016144e+00 5.628271e+00 9.394575e+09
5.628271e+00 6.315097e+00 8.372824e+09
6.315097e+00 7.085737e+00 7.462199e+09
7.085737e+00 7.950419e+00 6.650613e+09
7.950419e+00 8.920619e+00 5.927295e+09
8.920619e+00 1.000921e+01 5.282644e+09
1.000921e+01 1.123065e+01 4.708104e+09
1.123065e+01 1.260114e+01 4.196052e+09
1.260114e+01 1.413888e+01 3.739690e+09
1.413888e+01 1.586427e+01 3.332961e+09
1.586427e+01 1.780020e+01 2.970468e+09
1.780020e+01 1.997239e+01 2.647400e+09
1.997239e+01 2.240965e+01 2.359468e+09
2.240965e+01 2.514433e+01 2.102852e+09
2.514433e+01 2.821272e+01 1.874145e+09
2.821272e+01 3.165556e+01 1.670312e+09
3.165556e+01 3.551853e+01 1.488648e+09
3.551853e+01 3.985291e+01 1.326742e+09
3.985291e+01 4.471621e+01 1.182444e+09
4.471621e+01 5.017299e+01 1.053840e+09
5.017299e+01 5.629567e+01 9.392233e+08
5.629567e+01 6.316551e+01 8.370721e+08
6.316551e+01 7.087368e+01 7.460308e+08
7.087368e+01 7.952250e+01 6.648912e+08
7.952250e+01 8.922673e+01 5.925763e+08
8.922673e+01 1.001152e+02 5.281264e+08
1.001152e+02 1.123324e+02 4.706861e+08
1.123324e+02 1.260405e+02 4.194930e+08
1.260405e+02 1.414214e+02 3.738677e+08
1.414214e+02 1.586792e+02 3.332047e+08
1.586792e+02 1.780430e+02 2.969642e+08
1.780430e+02 1.997699e+02 2.646653e+08
1.997699e+02 2.241481e+02 2.358793e+08
2.241481e+02 2.515012e+02 2.102241e+08
2.515012e+02 2.821922e+02 1.873593e+08
2.821922e+02 3.166285e+02 1.669813e+08
3.166285e+02 3.552671e+02 1.488197e+08
3.552671e+02 3.986208e+02 1.326335e+08
3.986208e+02 4.472651e+02 1.182078e+08
4.472651e+02 5.018455e+02 1.053511e+08
5.018455e+02 5.630863e+02 9.389290e+07
5.630863e+02 6.318005e+02 8.368101e+07
6.318005e+02 7.089000e+02 7.457990e+07
7.089000e+02 7.954081e+02 6.646878e+07
7.954081e+02 8.924728e+02 5.923999e+07
8.924728e+02 1.001383e+03 5.279758e+07
1.001383e+03 1.123583e+03 4.705603e+07
1.123583e+03 1.260695e+03 4.193913e+07
1.260695e+03 1.414539e+03 3.737895e+07
1.414539e+03 1.587157e+03 3.331496e+07
1.587157e+03 1.780840e+03 2.969321e+07
1.780840e+03 1.998159e+03 2.646560e+07
1.998159e+03 2.241997e+03 2.358930e+07
2.241997e+03 2.515591e+03 2.102611e+07
2.515591e+03 2.822572e+03 1.874198e+07
2.822572e+03 3.167014e+03 1.670659e+07
3.167014e+03 3.553489e+03 1.489291e+07
3.553489e+03 3.987126e+03 1.327684e+07
3.987126e+03 4.473681e+03 1.183690e+07
4.473681e+03 5.019610e+03 1.055397e+07
5.019610e+03 5.632160e+03 9.410988e+06
5.632160e+03 6.319460e+03 8.392762e+06
6.319460e+03 7.090633e+03 7.485747e+06
7.090633e+03 7.955912e+03 6.677875e+06
7.955912e+03 8.926783e+03 5.958392e+06
8.926783e+03 1.001613e+04 5.317713e+06
1.001613e+04 1.123841e+04 4.747299e+06
1.123841e+04 1.260985e+04 4.239540e+06
1.260985e+04 1.414865e+04 3.787657e+06
1.414865e+04 1.587523e+04 3.385606e+06
1.587523e+04 1.781250e+04 3.028007e+06
1.781250e+04 1.998619e+04 2.710062e+06
1.998619e+04 2.242513e+04 2.427499e+06
2.242513e+04 2.516170e+04 2.176511e+06
2.516170e+04 2.823222e+04 1.953706e+06
2.823222e+04 3.167743e+04 1.756063e+06
3.167743e+04 3.554307e+04 1.580890e+06
3.554307e+04 3.988045e+04 1.425788e+06
3.988045e+04 4.474711e+04 1.288620e+06
4.474711e+04 5.020766e+04 1.167482e+06
5.020766e+04 5.633457e+04 1.060674e+06
5.633457e+04 6.320916e+04 9.666837e+05
6.320916e+04 7.092266e+04 8.841584e+05
7.092266e+04 7.957745e+04 8.118912e+05
7.957745e+04 8.928839e+04 7.488027e+05
8.928839e+04 1.001844e+05 6.939260e+05
1.001844e+05 1.124100e+05 6.463930e+05
1.124100e+05 1.261276e+05 6.054221e+05
1.261276e+05 1.415191e+05 5.703069e+05
1.415191e+05 1.587888e+05 5.404055e+05
1.587888e+05 1.781661e+05 5.151314e+05
1.781661e+05 1.999079e+05 4.939440e+05
1.999079e+05 2.243030e+05 4.763411e+05
2.243030e+05 2.516750e+05 4.618504e+05
2.516750e+05 2.823872e+05 4.500232e+05
2.823872e+05 3.168473e+05 4.404274e+05
3.168473e+05 3.555126e+05 4.326415e+05
3.555126e+05 3.988963e+05 4.262499e+05
3.988963e+05 4.475742e+05 4.208380e+05
4.475742e+05 5.021922e+05 4.159896e+05
5.021922e+05 5.634754e+05 4.112847e+05
5.634754e+05 6.322371e+05 4.063001e+05
6.322371e+05 7.093899e+05 4.006114e+05
7.093899e+05 7.959577e+05 3.937988e+05
7.959577e+05 8.930895e+05 3.854557e+05
8.930895e+05 1.002074e+06 3.752014e+05
1.002074e+06 1.124359e+06 3.626980e+05
1.124359e+06 1.261566e+06 3.476720e+05
1.261566e+06 1.415517e+06 3.299387e+05
1.415517e+06 1.588254e+06 3.094303e+05
1.588254e+06 1.782071e+06 2.862229e+05
1.782071e+06 1.999540e+06 2.605609e+05
1.999540e+06 2.243546e+06 2.328729e+05
2.243546e+06 2.517329e+06 2.037734e+05
2.517329e+06 2.824522e+06 1.740459e+05
2.824522e+06 3.169203e+06 1.446003e+05
3.169203e+06 3.555945e+06 1.164063e+05
3.555945e+06 3.989881e+06 9.040317e+04
3.989881e+06 4.476772e+06 6.739789e+04
4.476772e+06 5.023079e+06 4.796756e+04
5.023079e+06 5.636052e+06 3.238660e+04
5.636052e+06 6.323827e+06 2.059852e+04
6.323827e+06 7.095533e+06 1.224383e+04
7.095533e+06 7.961410e+06 6.741414e+03
7.961410e+06 8.932952e+06 3.404286e+03
8.932952e+06 1.002305e+07 1.559392e+03
1.002305e+07 1.124618e+07 6.401407e+02
1.124618e+07 1.261857e+07 2.324401e+02
1.261857e+07 1.415843e+07 7.365049e+01
1.415843e+07 1.588620e+07 2.010442e+01
1.588620e+07 1.782481e+07 4.683832e+00
1.782481e+07 2.000000e+07 9.314461e-01
