#flux integrated over beam size. Derived from the capture collimator * 20
#Elow[eV]  Eup[eV]    n/eV/pp
1.0000e-02 1.0210e-02  5.9580e+05 
1.0210e-02 1.0430e-02  5.1620e+05 
1.0430e-02 1.0650e-02  6.2420e+05 
1.0650e-02 1.0880e-02  6.0360e+05 
1.0880e-02 1.1110e-02  8.0480e+05 
1.1110e-02 1.1350e-02  6.3680e+05 
1.1350e-02 1.1590e-02  5.3280e+05 
1.1590e-02 1.1840e-02  6.5260e+05 
1.1840e-02 1.2090e-02  5.5020e+05 
1.2090e-02 1.2350e-02  7.2220e+05 
1.2350e-02 1.2610e-02  5.5300e+05 
1.2610e-02 1.2880e-02  6.9400e+05 
1.2880e-02 1.3160e-02  6.8200e+05 
1.3160e-02 1.3440e-02  6.9380e+05 
1.3440e-02 1.3720e-02  6.3660e+05 
1.3720e-02 1.4020e-02  6.7460e+05 
1.4020e-02 1.4320e-02  6.8900e+05 
1.4320e-02 1.4620e-02  6.7560e+05 
1.4620e-02 1.4930e-02  8.6660e+05 
1.4930e-02 1.5250e-02  7.3020e+05 
1.5250e-02 1.5580e-02  7.5920e+05 
1.5580e-02 1.5910e-02  8.3160e+05 
1.5910e-02 1.6250e-02  9.8620e+05 
1.6250e-02 1.6600e-02  8.5000e+05 
1.6600e-02 1.6950e-02  9.6040e+05 
1.6950e-02 1.7310e-02  8.6600e+05 
1.7310e-02 1.7680e-02  8.1800e+05 
1.7680e-02 1.8060e-02  8.3700e+05 
1.8060e-02 1.8440e-02  9.2940e+05 
1.8440e-02 1.8840e-02  8.4160e+05 
1.8840e-02 1.9240e-02  1.0994e+06 
1.9240e-02 1.9650e-02  8.6840e+05 
1.9650e-02 2.0070e-02  1.0518e+06 
2.0070e-02 2.0500e-02  8.7940e+05 
2.0500e-02 2.0930e-02  1.1100e+06 
2.0930e-02 2.1380e-02  1.0582e+06 
2.1380e-02 2.1840e-02  1.0366e+06 
2.1840e-02 2.2300e-02  9.1720e+05 
2.2300e-02 2.2780e-02  1.0422e+06 
2.2780e-02 2.3260e-02  1.0848e+06 
2.3260e-02 2.3760e-02  9.8380e+05 
2.3760e-02 2.4270e-02  1.0060e+06 
2.4270e-02 2.4780e-02  8.8000e+05 
2.4780e-02 2.5310e-02  9.1760e+05 
2.5310e-02 2.5850e-02  1.1192e+06 
2.5850e-02 2.6400e-02  1.0182e+06 
2.6400e-02 2.6970e-02  9.9840e+05 
2.6970e-02 2.7540e-02  1.1306e+06 
2.7540e-02 2.8130e-02  1.1126e+06 
2.8130e-02 2.8730e-02  1.1762e+06 
2.8730e-02 2.9340e-02  1.1268e+06 
2.9340e-02 2.9970e-02  1.1184e+06 
2.9970e-02 3.0610e-02  1.2434e+06 
3.0610e-02 3.1260e-02  1.2602e+06 
3.1260e-02 3.1930e-02  1.2056e+06 
3.1930e-02 3.2610e-02  1.2262e+06 
3.2610e-02 3.3300e-02  1.1912e+06 
3.3300e-02 3.4010e-02  1.0492e+06 
3.4010e-02 3.4740e-02  1.2302e+06 
3.4740e-02 3.5480e-02  1.2384e+06 
3.5480e-02 3.6240e-02  1.2190e+06 
3.6240e-02 3.7010e-02  1.2484e+06 
3.7010e-02 3.7800e-02  1.1816e+06 
3.7800e-02 3.8610e-02  1.1002e+06 
3.8610e-02 3.9430e-02  1.3106e+06 
3.9430e-02 4.0270e-02  1.2526e+06 
4.0270e-02 4.1130e-02  1.2050e+06 
4.1130e-02 4.2010e-02  1.1966e+06 
4.2010e-02 4.2900e-02  1.1650e+06 
4.2900e-02 4.3820e-02  1.2670e+06 
4.3820e-02 4.4750e-02  1.2120e+06 
4.4750e-02 4.5710e-02  1.2760e+06 
4.5710e-02 4.6680e-02  1.2060e+06 
4.6680e-02 4.7680e-02  1.1382e+06 
4.7680e-02 4.8700e-02  1.1988e+06 
4.8700e-02 4.9740e-02  1.2310e+06 
4.9740e-02 5.0800e-02  1.2146e+06 
5.0800e-02 5.1880e-02  1.2572e+06 
5.1880e-02 5.2990e-02  1.0632e+06 
5.2990e-02 5.4120e-02  1.1704e+06 
5.4120e-02 5.5270e-02  1.2326e+06 
5.5270e-02 5.6450e-02  1.2010e+06 
5.6450e-02 5.7650e-02  1.2250e+06 
5.7650e-02 5.8880e-02  1.2442e+06 
5.8880e-02 6.0140e-02  1.2242e+06 
6.0140e-02 6.1420e-02  1.1182e+06 
6.1420e-02 6.2730e-02  1.1558e+06 
6.2730e-02 6.4070e-02  1.1974e+06 
6.4070e-02 6.5440e-02  1.1038e+06 
6.5440e-02 6.6830e-02  1.0534e+06 
6.6830e-02 6.8260e-02  1.0630e+06 
6.8260e-02 6.9720e-02  1.1280e+06 
6.9720e-02 7.1200e-02  1.0784e+06 
7.1200e-02 7.2720e-02  1.0614e+06 
7.2720e-02 7.4270e-02  1.1012e+06 
7.4270e-02 7.5860e-02  1.1068e+06 
7.5860e-02 7.7480e-02  1.0634e+06 
7.7480e-02 7.9130e-02  1.0138e+06 
7.9130e-02 8.0820e-02  1.0378e+06 
8.0820e-02 8.2540e-02  1.0426e+06 
8.2540e-02 8.4300e-02  8.9960e+05 
8.4300e-02 8.6100e-02  9.8260e+05 
8.6100e-02 8.7940e-02  1.0262e+06 
8.7940e-02 8.9810e-02  9.8140e+05 
8.9810e-02 9.1730e-02  9.3100e+05 
9.1730e-02 9.3680e-02  9.1640e+05 
9.3680e-02 9.5680e-02  8.9660e+05 
9.5680e-02 9.7720e-02  8.7120e+05 
9.7720e-02 9.9810e-02  1.0168e+06 
9.9810e-02 1.0190e-01  8.7820e+05 
1.0190e-01 1.0410e-01  8.5740e+05 
1.0410e-01 1.0630e-01  8.7440e+05 
1.0630e-01 1.0860e-01  7.8300e+05 
1.0860e-01 1.1090e-01  7.9980e+05 
1.1090e-01 1.1330e-01  8.1380e+05 
1.1330e-01 1.1570e-01  8.8340e+05 
1.1570e-01 1.1820e-01  8.3900e+05 
1.1820e-01 1.2070e-01  7.5880e+05 
1.2070e-01 1.2330e-01  8.1300e+05 
1.2330e-01 1.2590e-01  7.8960e+05 
1.2590e-01 1.2860e-01  7.3120e+05 
1.2860e-01 1.3130e-01  7.2320e+05 
1.3130e-01 1.3410e-01  7.3680e+05 
1.3410e-01 1.3700e-01  6.7460e+05 
1.3700e-01 1.3990e-01  7.2660e+05 
1.3990e-01 1.4290e-01  7.2720e+05 
1.4290e-01 1.4590e-01  6.6340e+05 
1.4590e-01 1.4900e-01  6.8320e+05 
1.4900e-01 1.5220e-01  6.7260e+05 
1.5220e-01 1.5550e-01  6.6300e+05 
1.5550e-01 1.5880e-01  6.3260e+05 
1.5880e-01 1.6220e-01  6.3760e+05 
1.6220e-01 1.6560e-01  6.2300e+05 
1.6560e-01 1.6920e-01  6.3220e+05 
1.6920e-01 1.7280e-01  6.3940e+05 
1.7280e-01 1.7650e-01  6.1220e+05 
1.7650e-01 1.8020e-01  6.0180e+05 
1.8020e-01 1.8410e-01  5.7240e+05 
1.8410e-01 1.8800e-01  5.5920e+05 
1.8800e-01 1.9200e-01  5.7740e+05 
1.9200e-01 1.9610e-01  5.7700e+05 
1.9610e-01 2.0030e-01  5.4960e+05 
2.0030e-01 2.0460e-01  5.4540e+05 
2.0460e-01 2.0890e-01  5.4620e+05 
2.0890e-01 2.1340e-01  5.2200e+05 
2.1340e-01 2.1790e-01  5.5320e+05 
2.1790e-01 2.2260e-01  4.9080e+05 
2.2260e-01 2.2730e-01  5.2980e+05 
2.2730e-01 2.3220e-01  4.8700e+05 
2.3220e-01 2.3710e-01  5.3680e+05 
2.3710e-01 2.4220e-01  4.8860e+05 
2.4220e-01 2.4740e-01  4.9320e+05 
2.4740e-01 2.5260e-01  4.7020e+05 
2.5260e-01 2.5800e-01  4.8440e+05 
2.5800e-01 2.6350e-01  4.8160e+05 
2.6350e-01 2.6920e-01  4.7400e+05 
2.6920e-01 2.7490e-01  4.5540e+05 
2.7490e-01 2.8080e-01  4.6780e+05 
2.8080e-01 2.8670e-01  4.5140e+05 
2.8670e-01 2.9290e-01  4.5000e+05 
2.9290e-01 2.9910e-01  4.2140e+05 
2.9910e-01 3.0550e-01  4.1440e+05 
3.0550e-01 3.1200e-01  4.3900e+05 
3.1200e-01 3.1870e-01  4.3060e+05 
3.1870e-01 3.2550e-01  4.2840e+05 
3.2550e-01 3.3240e-01  4.2220e+05 
3.3240e-01 3.3950e-01  3.9000e+05 
3.3950e-01 3.4670e-01  3.9500e+05 
3.4670e-01 3.5410e-01  3.7360e+05 
3.5410e-01 3.6170e-01  3.9120e+05 
3.6170e-01 3.6940e-01  4.0000e+05 
3.6940e-01 3.7730e-01  3.7540e+05 
3.7730e-01 3.8530e-01  3.7980e+05 
3.8530e-01 3.9360e-01  3.7580e+05 
3.9360e-01 4.0190e-01  3.6820e+05 
4.0190e-01 4.1050e-01  3.5300e+05 
4.1050e-01 4.1930e-01  3.4980e+05 
4.1930e-01 4.2820e-01  3.5020e+05 
4.2820e-01 4.3740e-01  3.4980e+05 
4.3740e-01 4.4670e-01  3.5040e+05 
4.4670e-01 4.5620e-01  3.5160e+05 
4.5620e-01 4.6590e-01  3.2600e+05 
4.6590e-01 4.7590e-01  3.2560e+05 
4.7590e-01 4.8600e-01  3.2520e+05 
4.8600e-01 4.9640e-01  3.1740e+05 
4.9640e-01 5.0700e-01  3.2960e+05 
5.0700e-01 5.1780e-01  3.2340e+05 
5.1780e-01 5.2890e-01  2.9740e+05 
5.2890e-01 5.4010e-01  3.0260e+05 
5.4010e-01 5.5170e-01  2.9260e+05 
5.5170e-01 5.6340e-01  3.0420e+05 
5.6340e-01 5.7540e-01  2.9760e+05 
5.7540e-01 5.8770e-01  2.9980e+05 
5.8770e-01 6.0030e-01  2.9660e+05 
6.0030e-01 6.1310e-01  2.8460e+05 
6.1310e-01 6.2610e-01  2.7540e+05 
6.2610e-01 6.3950e-01  2.7680e+05 
6.3950e-01 6.5310e-01  2.7560e+05 
6.5310e-01 6.6710e-01  2.6320e+05 
6.6710e-01 6.8130e-01  2.5900e+05 
6.8130e-01 6.9580e-01  2.6040e+05 
6.9580e-01 7.1070e-01  2.6160e+05 
7.1070e-01 7.2580e-01  2.5540e+05 
7.2580e-01 7.4130e-01  2.4180e+05 
7.4130e-01 7.5710e-01  2.3220e+05 
7.5710e-01 7.7330e-01  2.3720e+05 
7.7330e-01 7.8980e-01  2.3180e+05 
7.8980e-01 8.0660e-01  2.3100e+05 
8.0660e-01 8.2380e-01  2.2360e+05 
8.2380e-01 8.4140e-01  2.1780e+05 
8.4140e-01 8.5930e-01  2.2000e+05 
8.5930e-01 8.7770e-01  2.0600e+05 
8.7770e-01 8.9640e-01  2.0840e+05 
8.9640e-01 9.1550e-01  2.1160e+05 
9.1550e-01 9.3500e-01  2.0660e+05 
9.3500e-01 9.5500e-01  1.9836e+05 
9.5500e-01 9.7540e-01  1.9576e+05 
9.7540e-01 9.9620e-01  1.9800e+05 
9.9620e-01 1.0170e+00  1.8814e+05 
1.0170e+00 1.0390e+00  1.8658e+05 
1.0390e+00 1.0610e+00  1.8004e+05 
1.0610e+00 1.0840e+00  1.8156e+05 
1.0840e+00 1.1070e+00  1.7674e+05 
1.1070e+00 1.1310e+00  1.7998e+05 
1.1310e+00 1.1550e+00  1.6814e+05 
1.1550e+00 1.1790e+00  1.7346e+05 
1.1790e+00 1.2050e+00  1.6320e+05 
1.2050e+00 1.2300e+00  1.6866e+05 
1.2300e+00 1.2570e+00  1.5010e+05 
1.2570e+00 1.2830e+00  1.6614e+05 
1.2830e+00 1.3110e+00  1.6464e+05 
1.3110e+00 1.3390e+00  1.5512e+05 
1.3390e+00 1.3670e+00  1.5010e+05 
1.3670e+00 1.3960e+00  1.5084e+05 
1.3960e+00 1.4260e+00  1.5378e+05 
1.4260e+00 1.4570e+00  1.4694e+05 
1.4570e+00 1.4880e+00  1.4198e+05 
1.4880e+00 1.5190e+00  1.4398e+05 
1.5190e+00 1.5520e+00  1.3722e+05 
1.5520e+00 1.5850e+00  1.3540e+05 
1.5850e+00 1.6190e+00  1.3778e+05 
1.6190e+00 1.6530e+00  1.3212e+05 
1.6530e+00 1.6880e+00  1.2736e+05 
1.6880e+00 1.7250e+00  1.2584e+05 
1.7250e+00 1.7610e+00  1.2422e+05 
1.7610e+00 1.7990e+00  1.1942e+05 
1.7990e+00 1.8370e+00  1.1718e+05 
1.8370e+00 1.8760e+00  1.2134e+05 
1.8760e+00 1.9160e+00  1.1646e+05 
1.9160e+00 1.9570e+00  1.1810e+05 
1.9570e+00 1.9990e+00  1.1386e+05 
1.9990e+00 2.0420e+00  1.0718e+05 
2.0420e+00 2.0850e+00  1.1318e+05 
2.0850e+00 2.1300e+00  1.0218e+05 
2.1300e+00 2.1750e+00  1.0716e+05 
2.1750e+00 2.2220e+00  1.0252e+05 
2.2220e+00 2.2690e+00  1.0516e+05 
2.2690e+00 2.3170e+00  1.0198e+05 
2.3170e+00 2.3670e+00  9.9540e+04 
2.3670e+00 2.4170e+00  9.6400e+04 
2.4170e+00 2.4690e+00  9.5600e+04 
2.4690e+00 2.5220e+00  9.6040e+04 
2.5220e+00 2.5750e+00  9.1220e+04 
2.5750e+00 2.6300e+00  8.7660e+04 
2.6300e+00 2.6860e+00  9.0600e+04 
2.6860e+00 2.7440e+00  8.7580e+04 
2.7440e+00 2.8020e+00  8.4460e+04 
2.8020e+00 2.8620e+00  8.9220e+04 
2.8620e+00 2.9230e+00  8.6740e+04 
2.9230e+00 2.9850e+00  7.8700e+04 
2.9850e+00 3.0490e+00  8.0160e+04 
3.0490e+00 3.1140e+00  7.9440e+04 
3.1140e+00 3.1810e+00  7.4440e+04 
3.1810e+00 3.2480e+00  7.5320e+04 
3.2480e+00 3.3180e+00  7.3260e+04 
3.3180e+00 3.3880e+00  7.4440e+04 
3.3880e+00 3.4610e+00  7.1960e+04 
3.4610e+00 3.5350e+00  7.1460e+04 
3.5350e+00 3.6100e+00  6.7940e+04 
3.6100e+00 3.6870e+00  6.9000e+04 
3.6870e+00 3.7660e+00  6.9220e+04 
3.7660e+00 3.8460e+00  6.6720e+04 
3.8460e+00 3.9280e+00  6.7900e+04 
3.9280e+00 4.0120e+00  6.5100e+04 
4.0120e+00 4.0970e+00  6.2740e+04 
4.0970e+00 4.1850e+00  5.9760e+04 
4.1850e+00 4.2740e+00  5.9980e+04 
4.2740e+00 4.3650e+00  5.6200e+04 
4.3650e+00 4.4580e+00  5.8080e+04 
4.4580e+00 4.5530e+00  5.7620e+04 
4.5530e+00 4.6510e+00  5.4200e+04 
4.6510e+00 4.7500e+00  5.2620e+04 
4.7500e+00 4.8510e+00  5.2220e+04 
4.8510e+00 4.9550e+00  5.1100e+04 
4.9550e+00 5.0600e+00  5.1700e+04 
5.0600e+00 5.1680e+00  4.9200e+04 
5.1680e+00 5.2780e+00  4.9260e+04 
5.2780e+00 5.3910e+00  4.8640e+04 
5.3910e+00 5.5060e+00  4.7700e+04 
5.5060e+00 5.6230e+00  4.6300e+04 
5.6230e+00 5.7430e+00  4.8500e+04 
5.7430e+00 5.8660e+00  4.6160e+04 
5.8660e+00 5.9910e+00  4.5560e+04 
5.9910e+00 6.1190e+00  4.3520e+04 
6.1190e+00 6.2490e+00  4.3660e+04 
6.2490e+00 6.3830e+00  4.3500e+04 
6.3830e+00 6.5190e+00  4.1120e+04 
6.5190e+00 6.6580e+00  4.0100e+04 
6.6580e+00 6.8000e+00  4.1600e+04 
6.8000e+00 6.9450e+00  3.9240e+04 
6.9450e+00 7.0930e+00  4.1220e+04 
7.0930e+00 7.2440e+00  3.6400e+04 
7.2440e+00 7.3990e+00  3.6360e+04 
7.3990e+00 7.5570e+00  3.8200e+04 
7.5570e+00 7.7180e+00  3.7240e+04 
7.7180e+00 7.8830e+00  3.5240e+04 
7.8830e+00 8.0510e+00  3.5000e+04 
8.0510e+00 8.2220e+00  3.5060e+04 
8.2220e+00 8.3980e+00  3.3360e+04 
8.3980e+00 8.5770e+00  3.2740e+04 
8.5770e+00 8.7600e+00  3.3700e+04 
8.7600e+00 8.9470e+00  3.2220e+04 
8.9470e+00 9.1380e+00  3.2060e+04 
9.1380e+00 9.3330e+00  3.0520e+04 
9.3330e+00 9.5320e+00  3.0560e+04 
9.5320e+00 9.7350e+00  2.9200e+04 
9.7350e+00 9.9430e+00  2.9620e+04 
9.9430e+00 1.0150e+01  2.8440e+04 
1.0150e+01 1.0370e+01  2.8240e+04 
1.0370e+01 1.0590e+01  2.6900e+04 
1.0590e+01 1.0820e+01  2.6720e+04 
1.0820e+01 1.1050e+01  2.6440e+04 
1.1050e+01 1.1290e+01  2.5600e+04 
1.1290e+01 1.1530e+01  2.5980e+04 
1.1530e+01 1.1770e+01  2.4480e+04 
1.1770e+01 1.2020e+01  2.4260e+04 
1.2020e+01 1.2280e+01  2.4360e+04 
1.2280e+01 1.2540e+01  2.4660e+04 
1.2540e+01 1.2810e+01  2.3180e+04 
1.2810e+01 1.3080e+01  2.2940e+04 
1.3080e+01 1.3360e+01  2.2860e+04 
1.3360e+01 1.3650e+01  2.2060e+04 
1.3650e+01 1.3940e+01  2.1500e+04 
1.3940e+01 1.4230e+01  2.0440e+04 
1.4230e+01 1.4540e+01  2.1180e+04 
1.4540e+01 1.4850e+01  2.1100e+04 
1.4850e+01 1.5160e+01  2.0160e+04 
1.5160e+01 1.5490e+01  2.0200e+04 
1.5490e+01 1.5820e+01  1.9100e+04 
1.5820e+01 1.6160e+01  1.9836e+04 
1.6160e+01 1.6500e+01  1.8522e+04 
1.6500e+01 1.6850e+01  1.8050e+04 
1.6850e+01 1.7210e+01  1.8610e+04 
1.7210e+01 1.7580e+01  1.7644e+04 
1.7580e+01 1.7950e+01  1.6618e+04 
1.7950e+01 1.8340e+01  1.7450e+04 
1.8340e+01 1.8730e+01  1.6778e+04 
1.8730e+01 1.9130e+01  1.6478e+04 
1.9130e+01 1.9540e+01  1.5934e+04 
1.9540e+01 1.9950e+01  1.5466e+04 
1.9950e+01 2.0380e+01  1.5572e+04 
2.0380e+01 2.0810e+01  1.4968e+04 
2.0810e+01 2.1260e+01  1.4542e+04 
2.1260e+01 2.1710e+01  1.4384e+04 
2.1710e+01 2.2170e+01  1.4560e+04 
2.2170e+01 2.2650e+01  1.4038e+04 
2.2650e+01 2.3130e+01  1.3926e+04 
2.3130e+01 2.3620e+01  1.3508e+04 
2.3620e+01 2.4130e+01  1.3202e+04 
2.4130e+01 2.4640e+01  1.2976e+04 
2.4640e+01 2.5170e+01  1.3282e+04 
2.5170e+01 2.5700e+01  1.2944e+04 
2.5700e+01 2.6250e+01  1.2318e+04 
2.6250e+01 2.6810e+01  1.2028e+04 
2.6810e+01 2.7380e+01  1.1830e+04 
2.7380e+01 2.7970e+01  1.1476e+04 
2.7970e+01 2.8560e+01  1.1776e+04 
2.8560e+01 2.9170e+01  1.1424e+04 
2.9170e+01 2.9800e+01  1.0988e+04 
2.9800e+01 3.0430e+01  1.0458e+04 
3.0430e+01 3.1080e+01  1.0898e+04 
3.1080e+01 3.1740e+01  1.0080e+04 
3.1740e+01 3.2420e+01  1.0078e+04 
3.2420e+01 3.3110e+01  1.0350e+04 
3.3110e+01 3.3820e+01  9.7780e+03 
3.3820e+01 3.4540e+01  9.6400e+03 
3.4540e+01 3.5280e+01  9.3180e+03 
3.5280e+01 3.6030e+01  9.1180e+03 
3.6030e+01 3.6800e+01  9.2660e+03 
3.6800e+01 3.7580e+01  9.0320e+03 
3.7580e+01 3.8390e+01  8.6780e+03 
3.8390e+01 3.9200e+01  8.5040e+03 
3.9200e+01 4.0040e+01  8.5220e+03 
4.0040e+01 4.0890e+01  8.5620e+03 
4.0890e+01 4.1770e+01  8.1240e+03 
4.1770e+01 4.2660e+01  7.8580e+03 
4.2660e+01 4.3570e+01  7.7640e+03 
4.3570e+01 4.4500e+01  7.2980e+03 
4.4500e+01 4.5450e+01  7.5440e+03 
4.5450e+01 4.6420e+01  7.3100e+03 
4.6420e+01 4.7410e+01  7.0040e+03 
4.7410e+01 4.8420e+01  7.3560e+03 
4.8420e+01 4.9450e+01  6.8900e+03 
4.9450e+01 5.0500e+01  6.9440e+03 
5.0500e+01 5.1580e+01  6.5040e+03 
5.1580e+01 5.2680e+01  6.3120e+03 
5.2680e+01 5.3810e+01  6.4720e+03 
5.3810e+01 5.4950e+01  6.4840e+03 
5.4950e+01 5.6130e+01  6.0140e+03 
5.6130e+01 5.7320e+01  6.0580e+03 
5.7320e+01 5.8550e+01  6.0420e+03 
5.8550e+01 5.9800e+01  5.9640e+03 
5.9800e+01 6.1070e+01  5.7980e+03 
6.1070e+01 6.2370e+01  5.4080e+03 
6.2370e+01 6.3700e+01  5.4720e+03 
6.3700e+01 6.5060e+01  5.3620e+03 
6.5060e+01 6.6450e+01  5.1940e+03 
6.6450e+01 6.7870e+01  5.1000e+03 
6.7870e+01 6.9320e+01  4.9180e+03 
6.9320e+01 7.0790e+01  4.9960e+03 
7.0790e+01 7.2300e+01  5.0300e+03 
7.2300e+01 7.3850e+01  4.7640e+03 
7.3850e+01 7.5420e+01  4.8560e+03 
7.5420e+01 7.7030e+01  4.4180e+03 
7.7030e+01 7.8670e+01  4.5740e+03 
7.8670e+01 8.0350e+01  4.4580e+03 
8.0350e+01 8.2070e+01  4.1920e+03 
8.2070e+01 8.3820e+01  4.0740e+03 
8.3820e+01 8.5610e+01  4.1460e+03 
8.5610e+01 8.7430e+01  4.2600e+03 
8.7430e+01 8.9300e+01  3.9400e+03 
8.9300e+01 9.1200e+01  3.9180e+03 
9.1200e+01 9.3150e+01  3.8720e+03 
9.3150e+01 9.5130e+01  3.8180e+03 
9.5130e+01 9.7160e+01  3.6540e+03 
9.7160e+01 9.9240e+01  3.7400e+03 
9.9240e+01 1.0140e+02  3.7220e+03 
1.0140e+02 1.0350e+02  3.4180e+03 
1.0350e+02 1.0570e+02  3.3180e+03 
1.0570e+02 1.0800e+02  3.3100e+03 
1.0800e+02 1.1030e+02  3.2260e+03 
1.1030e+02 1.1260e+02  3.1280e+03 
1.1260e+02 1.1500e+02  3.2280e+03 
1.1500e+02 1.1750e+02  3.1840e+03 
1.1750e+02 1.2000e+02  3.0400e+03 
1.2000e+02 1.2260e+02  3.0900e+03 
1.2260e+02 1.2520e+02  2.9660e+03 
1.2520e+02 1.2780e+02  2.9100e+03 
1.2780e+02 1.3060e+02  2.8060e+03 
1.3060e+02 1.3340e+02  2.7640e+03 
1.3340e+02 1.3620e+02  2.6720e+03 
1.3620e+02 1.3910e+02  2.6980e+03 
1.3910e+02 1.4210e+02  2.6940e+03 
1.4210e+02 1.4510e+02  2.5100e+03 
1.4510e+02 1.4820e+02  2.5220e+03 
1.4820e+02 1.5140e+02  2.5180e+03 
1.5140e+02 1.5460e+02  2.4280e+03 
1.5460e+02 1.5790e+02  2.3740e+03 
1.5790e+02 1.6120e+02  2.3540e+03 
1.6120e+02 1.6470e+02  2.2540e+03 
1.6470e+02 1.6820e+02  2.2320e+03 
1.6820e+02 1.7180e+02  2.1900e+03 
1.7180e+02 1.7550e+02  2.1080e+03 
1.7550e+02 1.7920e+02  2.1040e+03 
1.7920e+02 1.8300e+02  2.0160e+03 
1.8300e+02 1.8690e+02  2.0500e+03 
1.8690e+02 1.9090e+02  1.9692e+03 
1.9090e+02 1.9500e+02  1.9344e+03 
1.9500e+02 1.9910e+02  1.9030e+03 
1.9910e+02 2.0340e+02  1.9114e+03 
2.0340e+02 2.0770e+02  1.8116e+03 
2.0770e+02 2.1220e+02  1.7896e+03 
2.1220e+02 2.1670e+02  1.8008e+03 
2.1670e+02 2.2130e+02  1.7548e+03 
2.2130e+02 2.2600e+02  1.6518e+03 
2.2600e+02 2.3090e+02  1.6386e+03 
2.3090e+02 2.3580e+02  1.6482e+03 
2.3580e+02 2.4080e+02  1.6032e+03 
2.4080e+02 2.4590e+02  1.5176e+03 
2.4590e+02 2.5120e+02  1.5380e+03 
2.5120e+02 2.5650e+02  1.5110e+03 
2.5650e+02 2.6200e+02  1.4454e+03 
2.6200e+02 2.6760e+02  1.4598e+03 
2.6760e+02 2.7330e+02  1.4594e+03 
2.7330e+02 2.7910e+02  1.4102e+03 
2.7910e+02 2.8510e+02  1.3642e+03 
2.8510e+02 2.9120e+02  1.3908e+03 
2.9120e+02 2.9740e+02  1.3122e+03 
2.9740e+02 3.0370e+02  1.2822e+03 
3.0370e+02 3.1020e+02  1.2810e+03 
3.1020e+02 3.1680e+02  1.1910e+03 
3.1680e+02 3.2360e+02  1.1164e+03 
3.2360e+02 3.3050e+02  8.7560e+02 
3.3050e+02 3.3750e+02  7.2380e+02 
3.3750e+02 3.4470e+02  7.4560e+02 
3.4470e+02 3.5210e+02  8.7200e+02 
3.5210e+02 3.5960e+02  9.1840e+02 
3.5960e+02 3.6730e+02  9.6620e+02 
3.6730e+02 3.7510e+02  1.0024e+03 
3.7510e+02 3.8310e+02  9.8260e+02 
3.8310e+02 3.9130e+02  9.6320e+02 
3.9130e+02 3.9960e+02  9.6720e+02 
3.9960e+02 4.0820e+02  9.6120e+02 
4.0820e+02 4.1690e+02  9.6160e+02 
4.1690e+02 4.2580e+02  9.1660e+02 
4.2580e+02 4.3480e+02  9.1580e+02 
4.3480e+02 4.4410e+02  9.0020e+02 
4.4410e+02 4.5360e+02  8.7960e+02 
4.5360e+02 4.6330e+02  8.8900e+02 
4.6330e+02 4.7320e+02  8.6120e+02 
4.7320e+02 4.8320e+02  8.5080e+02 
4.8320e+02 4.9360e+02  8.2420e+02 
4.9360e+02 5.0410e+02  8.1420e+02 
5.0410e+02 5.1480e+02  7.6520e+02 
5.1480e+02 5.2580e+02  7.5020e+02 
5.2580e+02 5.3700e+02  7.5060e+02 
5.3700e+02 5.4850e+02  7.4860e+02 
5.4850e+02 5.6020e+02  7.1880e+02 
5.6020e+02 5.7210e+02  7.0560e+02 
5.7210e+02 5.8430e+02  6.9680e+02 
5.8430e+02 5.9680e+02  6.8280e+02 
5.9680e+02 6.0950e+02  6.8520e+02 
6.0950e+02 6.2250e+02  6.4700e+02 
6.2250e+02 6.3580e+02  6.5260e+02 
6.3580e+02 6.4940e+02  6.3900e+02 
6.4940e+02 6.6320e+02  6.1980e+02 
6.6320e+02 6.7740e+02  5.9120e+02 
6.7740e+02 6.9180e+02  5.8940e+02 
6.9180e+02 7.0660e+02  5.7920e+02 
7.0660e+02 7.2170e+02  5.7500e+02 
7.2170e+02 7.3710e+02  5.4900e+02 
7.3710e+02 7.5280e+02  5.5000e+02 
7.5280e+02 7.6880e+02  5.2760e+02 
7.6880e+02 7.8520e+02  5.2740e+02 
7.8520e+02 8.0200e+02  5.2660e+02 
8.0200e+02 8.1910e+02  4.9660e+02 
8.1910e+02 8.3660e+02  4.9460e+02 
8.3660e+02 8.5440e+02  4.9180e+02 
8.5440e+02 8.7260e+02  4.7720e+02 
8.7260e+02 8.9130e+02  4.7200e+02 
8.9130e+02 9.1030e+02  4.6280e+02 
9.1030e+02 9.2970e+02  4.4760e+02 
9.2970e+02 9.4950e+02  4.4860e+02 
9.4950e+02 9.6980e+02  4.4000e+02 
9.6980e+02 9.9050e+02  4.3460e+02 
9.9050e+02 1.0120e+03  4.1360e+02 
1.0120e+03 1.0330e+03  4.1800e+02 
1.0330e+03 1.0550e+03  3.9340e+02 
1.0550e+03 1.0780e+03  3.8360e+02 
1.0780e+03 1.1010e+03  2.9440e+02 
1.1010e+03 1.1240e+03  3.8340e+02 
1.1240e+03 1.1480e+03  3.7320e+02 
1.1480e+03 1.1730e+03  3.7320e+02 
1.1730e+03 1.1980e+03  3.5980e+02 
1.1980e+03 1.2230e+03  3.3660e+02 
1.2230e+03 1.2490e+03  3.4800e+02 
1.2490e+03 1.2760e+03  3.2860e+02 
1.2760e+03 1.3030e+03  3.2340e+02 
1.3030e+03 1.3310e+03  3.2740e+02 
1.3310e+03 1.3590e+03  3.0880e+02 
1.3590e+03 1.3880e+03  3.1120e+02 
1.3880e+03 1.4180e+03  3.0080e+02 
1.4180e+03 1.4480e+03  3.0320e+02 
1.4480e+03 1.4790e+03  3.0300e+02 
1.4790e+03 1.5110e+03  2.8000e+02 
1.5110e+03 1.5430e+03  2.8100e+02 
1.5430e+03 1.5760e+03  2.6560e+02 
1.5760e+03 1.6090e+03  2.6820e+02 
1.6090e+03 1.6440e+03  2.6040e+02 
1.6440e+03 1.6790e+03  2.5280e+02 
1.6790e+03 1.7150e+03  2.5040e+02 
1.7150e+03 1.7510e+03  2.5680e+02 
1.7510e+03 1.7890e+03  2.5240e+02 
1.7890e+03 1.8270e+03  2.4260e+02 
1.8270e+03 1.8660e+03  2.3860e+02 
1.8660e+03 1.9050e+03  2.3620e+02 
1.9050e+03 1.9460e+03  2.1920e+02 
1.9460e+03 1.9880e+03  2.1020e+02 
1.9880e+03 2.0300e+03  2.1000e+02 
2.0300e+03 2.0730e+03  2.1080e+02 
2.0730e+03 2.1180e+03  2.0460e+02 
2.1180e+03 2.1630e+03  1.9878e+02 
2.1630e+03 2.2090e+03  1.9300e+02 
2.2090e+03 2.2560e+03  1.8638e+02 
2.2560e+03 2.3040e+03  1.7966e+02 
2.3040e+03 2.3530e+03  1.7054e+02 
2.3530e+03 2.4030e+03  1.6738e+02 
2.4030e+03 2.4550e+03  1.6630e+02 
2.4550e+03 2.5070e+03  1.6764e+02 
2.5070e+03 2.5610e+03  1.6210e+02 
2.5610e+03 2.6150e+03  1.6364e+02 
2.6150e+03 2.6710e+03  1.6030e+02 
2.6710e+03 2.7280e+03  1.5732e+02 
2.7280e+03 2.7860e+03  1.5506e+02 
2.7860e+03 2.8460e+03  1.5400e+02 
2.8460e+03 2.9060e+03  1.5180e+02 
2.9060e+03 2.9680e+03  1.5166e+02 
2.9680e+03 3.0320e+03  1.4912e+02 
3.0320e+03 3.0960e+03  1.5232e+02 
3.0960e+03 3.1620e+03  1.4148e+02 
3.1620e+03 3.2300e+03  1.3382e+02 
3.2300e+03 3.2990e+03  1.3988e+02 
3.2990e+03 3.3690e+03  1.3596e+02 
3.3690e+03 3.4410e+03  1.3394e+02 
3.4410e+03 3.5140e+03  1.2728e+02 
3.5140e+03 3.5890e+03  1.2494e+02 
3.5890e+03 3.6660e+03  1.2478e+02 
3.6660e+03 3.7440e+03  1.2062e+02 
3.7440e+03 3.8240e+03  1.2144e+02 
3.8240e+03 3.9050e+03  1.2018e+02 
3.9050e+03 3.9890e+03  1.1548e+02 
3.9890e+03 4.0740e+03  1.1430e+02 
4.0740e+03 4.1610e+03  1.0990e+02 
4.1610e+03 4.2490e+03  1.0838e+02 
4.2490e+03 4.3400e+03  1.0626e+02 
4.3400e+03 4.4330e+03  1.0790e+02 
4.4330e+03 4.5270e+03  1.0224e+02 
4.5270e+03 4.6240e+03  1.0160e+02 
4.6240e+03 4.7220e+03  9.8520e+01 
4.7220e+03 4.8230e+03  9.9780e+01 
4.8230e+03 4.9260e+03  9.6920e+01 
4.9260e+03 5.0310e+03  9.6900e+01 
5.0310e+03 5.1380e+03  9.4340e+01 
5.1380e+03 5.2480e+03  9.2900e+01 
5.2480e+03 5.3600e+03  9.2160e+01 
5.3600e+03 5.4740e+03  8.5840e+01 
5.4740e+03 5.5910e+03  8.7800e+01 
5.5910e+03 5.7100e+03  8.8000e+01 
5.7100e+03 5.8320e+03  8.1080e+01 
5.8320e+03 5.9570e+03  5.0960e+01 
5.9570e+03 6.0840e+03  7.6600e+01 
6.0840e+03 6.2130e+03  7.4680e+01 
6.2130e+03 6.3460e+03  7.6980e+01 
6.3460e+03 6.4810e+03  7.4340e+01 
6.4810e+03 6.6200e+03  7.3740e+01 
6.6200e+03 6.7610e+03  7.3700e+01 
6.7610e+03 6.9050e+03  6.9820e+01 
6.9050e+03 7.0520e+03  6.8480e+01 
7.0520e+03 7.2030e+03  6.6160e+01 
7.2030e+03 7.3560e+03  6.6860e+01 
7.3560e+03 7.5130e+03  6.5400e+01 
7.5130e+03 7.6740e+03  6.4280e+01 
7.6740e+03 7.8370e+03  6.3800e+01 
7.8370e+03 8.0040e+03  6.1700e+01 
8.0040e+03 8.1750e+03  6.0360e+01 
8.1750e+03 8.3500e+03  5.9520e+01 
8.3500e+03 8.5280e+03  5.8940e+01 
8.5280e+03 8.7100e+03  5.6560e+01 
8.7100e+03 8.8950e+03  5.4880e+01 
8.8950e+03 9.0850e+03  5.5180e+01 
9.0850e+03 9.2790e+03  5.4540e+01 
9.2790e+03 9.4770e+03  5.1520e+01 
9.4770e+03 9.6790e+03  5.3000e+01 
9.6790e+03 9.8860e+03  5.1160e+01 
9.8860e+03 1.0100e+04  5.0500e+01 
1.0100e+04 1.0310e+04  4.9440e+01 
1.0310e+04 1.0530e+04  4.8380e+01 
1.0530e+04 1.0760e+04  4.8160e+01 
1.0760e+04 1.0990e+04  4.6720e+01 
1.0990e+04 1.1220e+04  4.7120e+01 
1.1220e+04 1.1460e+04  4.4760e+01 
1.1460e+04 1.1700e+04  4.3480e+01 
1.1700e+04 1.1950e+04  4.4260e+01 
1.1950e+04 1.2210e+04  4.3500e+01 
1.2210e+04 1.2470e+04  4.1740e+01 
1.2470e+04 1.2740e+04  4.1300e+01 
1.2740e+04 1.3010e+04  4.0380e+01 
1.3010e+04 1.3280e+04  3.9960e+01 
1.3280e+04 1.3570e+04  3.8960e+01 
1.3570e+04 1.3860e+04  3.9000e+01 
1.3860e+04 1.4150e+04  3.8440e+01 
1.4150e+04 1.4450e+04  3.7340e+01 
1.4450e+04 1.4760e+04  3.6040e+01 
1.4760e+04 1.5080e+04  3.5320e+01 
1.5080e+04 1.5400e+04  3.5420e+01 
1.5400e+04 1.5730e+04  3.4200e+01 
1.5730e+04 1.6060e+04  3.3840e+01 
1.6060e+04 1.6410e+04  3.3320e+01 
1.6410e+04 1.6760e+04  3.3140e+01 
1.6760e+04 1.7110e+04  3.3140e+01 
1.7110e+04 1.7480e+04  3.2220e+01 
1.7480e+04 1.7850e+04  3.1100e+01 
1.7850e+04 1.8230e+04  3.0580e+01 
1.8230e+04 1.8620e+04  3.0920e+01 
1.8620e+04 1.9020e+04  2.9940e+01 
1.9020e+04 1.9420e+04  2.9680e+01 
1.9420e+04 1.9840e+04  2.8100e+01 
1.9840e+04 2.0260e+04  2.8620e+01 
2.0260e+04 2.0690e+04  2.8500e+01 
2.0690e+04 2.1130e+04  2.7120e+01 
2.1130e+04 2.1590e+04  2.6520e+01 
2.1590e+04 2.2050e+04  2.7380e+01 
2.2050e+04 2.2520e+04  2.6260e+01 
2.2520e+04 2.3000e+04  2.6780e+01 
2.3000e+04 2.3490e+04  2.5900e+01 
2.3490e+04 2.3990e+04  2.5880e+01 
2.3990e+04 2.4500e+04  2.5240e+01 
2.4500e+04 2.5020e+04  2.5060e+01 
2.5020e+04 2.5560e+04  2.4340e+01 
2.5560e+04 2.6100e+04  2.4600e+01 
2.6100e+04 2.6660e+04  2.3860e+01 
2.6660e+04 2.7230e+04  2.3800e+01 
2.7230e+04 2.7810e+04  2.3260e+01 
2.7810e+04 2.8400e+04  2.3360e+01 
2.8400e+04 2.9010e+04  2.4720e+01 
2.9010e+04 2.9630e+04  2.4300e+01 
2.9630e+04 3.0260e+04  2.4120e+01 
3.0260e+04 3.0900e+04  2.3080e+01 
3.0900e+04 3.1560e+04  2.1440e+01 
3.1560e+04 3.2240e+04  1.8538e+01 
3.2240e+04 3.2920e+04  1.5002e+01 
3.2920e+04 3.3630e+04  1.0916e+01 
3.3630e+04 3.4340e+04  6.9580e+00 
3.4340e+04 3.5080e+04  5.2200e+00 
3.5080e+04 3.5820e+04  5.8460e+00 
3.5820e+04 3.6590e+04  7.5220e+00 
3.6590e+04 3.7370e+04  9.6120e+00 
3.7370e+04 3.8170e+04  1.0416e+01 
3.8170e+04 3.8980e+04  1.2022e+01 
3.8980e+04 3.9810e+04  1.2168e+01 
3.9810e+04 4.0660e+04  1.3150e+01 
4.0660e+04 4.1530e+04  1.3188e+01 
4.1530e+04 4.2410e+04  1.3116e+01 
4.2410e+04 4.3320e+04  1.3718e+01 
4.3320e+04 4.4240e+04  1.3614e+01 
4.4240e+04 4.5190e+04  1.3588e+01 
4.5190e+04 4.6150e+04  1.3712e+01 
4.6150e+04 4.7130e+04  1.3570e+01 
4.7130e+04 4.8140e+04  1.3884e+01 
4.8140e+04 4.9170e+04  1.3686e+01 
4.9170e+04 5.0220e+04  1.3400e+01 
5.0220e+04 5.1290e+04  1.3406e+01 
5.1290e+04 5.2380e+04  1.2862e+01 
5.2380e+04 5.3500e+04  1.3248e+01 
5.3500e+04 5.4640e+04  1.2886e+01 
5.4640e+04 5.5800e+04  1.2790e+01 
5.5800e+04 5.6990e+04  1.2784e+01 
5.6990e+04 5.8210e+04  1.2942e+01 
5.8210e+04 5.9450e+04  1.2830e+01 
5.9450e+04 6.0720e+04  1.2390e+01 
6.0720e+04 6.2020e+04  1.2766e+01 
6.2020e+04 6.3340e+04  1.2598e+01 
6.3340e+04 6.4690e+04  1.2602e+01 
6.4690e+04 6.6070e+04  1.2298e+01 
6.6070e+04 6.7480e+04  1.2638e+01 
6.7480e+04 6.8920e+04  1.2834e+01 
6.8920e+04 7.0390e+04  1.2350e+01 
7.0390e+04 7.1890e+04  1.2572e+01 
7.1890e+04 7.3420e+04  1.2534e+01 
7.3420e+04 7.4990e+04  1.1710e+01 
7.4990e+04 7.6590e+04  1.1304e+01 
7.6590e+04 7.8220e+04  1.0382e+01 
7.8220e+04 7.9890e+04  9.3040e+00 
7.9890e+04 8.1600e+04  7.9300e+00 
8.1600e+04 8.3340e+04  6.3800e+00 
8.3340e+04 8.5110e+04  5.3200e+00 
8.5110e+04 8.6930e+04  4.7140e+00 
8.6930e+04 8.8780e+04  4.5000e+00 
8.8780e+04 9.0680e+04  5.1420e+00 
9.0680e+04 9.2610e+04  5.8140e+00 
9.2610e+04 9.4590e+04  6.4320e+00 
9.4590e+04 9.6610e+04  7.2220e+00 
9.6610e+04 9.8670e+04  7.6640e+00 
9.8670e+04 1.0080e+05  8.0320e+00 
1.0080e+05 1.0290e+05  8.1860e+00 
1.0290e+05 1.0510e+05  8.5440e+00 
1.0510e+05 1.0740e+05  8.9000e+00 
1.0740e+05 1.0960e+05  8.7040e+00 
1.0960e+05 1.1200e+05  8.9980e+00 
1.1200e+05 1.1440e+05  9.0460e+00 
1.1440e+05 1.1680e+05  8.0420e+00 
1.1680e+05 1.1930e+05  5.5420e+00 
1.1930e+05 1.2190e+05  6.7440e+00 
1.2190e+05 1.2450e+05  9.2600e+00 
1.2450e+05 1.2710e+05  9.7520e+00 
1.2710e+05 1.2980e+05  9.9560e+00 
1.2980e+05 1.3260e+05  9.6880e+00 
1.3260e+05 1.3540e+05  8.6960e+00 
1.3540e+05 1.3830e+05  7.3260e+00 
1.3830e+05 1.4130e+05  6.0620e+00 
1.4130e+05 1.4430e+05  5.3040e+00 
1.4430e+05 1.4730e+05  5.2040e+00 
1.4730e+05 1.5050e+05  5.2860e+00 
1.5050e+05 1.5370e+05  5.3940e+00 
1.5370e+05 1.5700e+05  4.7440e+00 
1.5700e+05 1.6030e+05  4.2620e+00 
1.6030e+05 1.6370e+05  5.7940e+00 
1.6370e+05 1.6720e+05  6.0660e+00 
1.6720e+05 1.7080e+05  6.3660e+00 
1.7080e+05 1.7440e+05  6.5940e+00 
1.7440e+05 1.7820e+05  6.6220e+00 
1.7820e+05 1.8200e+05  6.8820e+00 
1.8200e+05 1.8590e+05  7.0840e+00 
1.8590e+05 1.8980e+05  7.0180e+00 
1.8980e+05 1.9390e+05  7.2140e+00 
1.9390e+05 1.9800e+05  6.5740e+00 
1.9800e+05 2.0220e+05  5.6380e+00 
2.0220e+05 2.0650e+05  5.1400e+00 
2.0650e+05 2.1090e+05  5.2340e+00 
2.1090e+05 2.1540e+05  5.8140e+00 
2.1540e+05 2.2000e+05  5.9560e+00 
2.2000e+05 2.2470e+05  5.4440e+00 
2.2470e+05 2.2950e+05  6.2020e+00 
2.2950e+05 2.3440e+05  6.3260e+00 
2.3440e+05 2.3940e+05  6.5520e+00 
2.3940e+05 2.4450e+05  6.6380e+00 
2.4450e+05 2.4970e+05  6.7580e+00 
2.4970e+05 2.5510e+05  6.9000e+00 
2.5510e+05 2.6050e+05  6.7600e+00 
2.6050e+05 2.6610e+05  7.1980e+00 
2.6610e+05 2.7170e+05  7.2880e+00 
2.7170e+05 2.7750e+05  5.8960e+00 
2.7750e+05 2.8350e+05  4.9460e+00 
2.8350e+05 2.8950e+05  5.1160e+00 
2.8950e+05 2.9570e+05  5.5000e+00 
2.9570e+05 3.0200e+05  5.6380e+00 
3.0200e+05 3.0840e+05  5.4920e+00 
3.0840e+05 3.1500e+05  4.9720e+00 
3.1500e+05 3.2170e+05  5.7660e+00 
3.2170e+05 3.2860e+05  6.1340e+00 
3.2860e+05 3.3560e+05  6.2320e+00 
3.3560e+05 3.4280e+05  6.4420e+00 
3.4280e+05 3.5010e+05  5.6820e+00 
3.5010e+05 3.5750e+05  5.5900e+00 
3.5750e+05 3.6520e+05  4.3540e+00 
3.6520e+05 3.7300e+05  4.8000e+00 
3.7300e+05 3.8090e+05  6.3920e+00 
3.8090e+05 3.8900e+05  4.9980e+00 
3.8900e+05 3.9730e+05  5.3820e+00 
3.9730e+05 4.0580e+05  4.7520e+00 
4.0580e+05 4.1450e+05  3.9260e+00 
4.1450e+05 4.2330e+05  3.3940e+00 
4.2330e+05 4.3230e+05  3.1380e+00 
4.3230e+05 4.4160e+05  3.3500e+00 
4.4160e+05 4.5100e+05  3.8340e+00 
4.5100e+05 4.6060e+05  4.4740e+00 
4.6060e+05 4.7040e+05  4.8060e+00 
4.7040e+05 4.8050e+05  5.5120e+00 
4.8050e+05 4.9070e+05  5.8000e+00 
4.9070e+05 5.0120e+05  6.4120e+00 
5.0120e+05 5.1190e+05  6.5720e+00 
5.1190e+05 5.2280e+05  4.8440e+00 
5.2280e+05 5.3390e+05  4.8420e+00 
5.3390e+05 5.4530e+05  5.5560e+00 
5.4530e+05 5.5700e+05  5.5540e+00 
5.5700e+05 5.6890e+05  4.7020e+00 
5.6890e+05 5.8100e+05  5.3500e+00 
5.8100e+05 5.9340e+05  5.3620e+00 
5.9340e+05 6.0600e+05  5.7280e+00 
6.0600e+05 6.1900e+05  5.0580e+00 
6.1900e+05 6.3220e+05  4.8700e+00 
6.3220e+05 6.4570e+05  4.3840e+00 
6.4570e+05 6.5940e+05  4.9160e+00 
6.5940e+05 6.7350e+05  5.3440e+00 
6.7350e+05 6.8790e+05  5.2880e+00 
6.8790e+05 7.0250e+05  4.9020e+00 
7.0250e+05 7.1750e+05  4.5900e+00 
7.1750e+05 7.3280e+05  4.8020e+00 
7.3280e+05 7.4850e+05  4.9060e+00 
7.4850e+05 7.6440e+05  4.3700e+00 
7.6440e+05 7.8070e+05  3.8940e+00 
7.8070e+05 7.9740e+05  3.8280e+00 
7.9740e+05 8.1440e+05  3.3820e+00 
8.1440e+05 8.3180e+05  3.6500e+00 
8.3180e+05 8.4950e+05  3.2740e+00 
8.4950e+05 8.6760e+05  3.5800e+00 
8.6760e+05 8.8610e+05  3.6040e+00 
8.8610e+05 9.0500e+05  3.9680e+00 
9.0500e+05 9.2430e+05  3.6880e+00 
9.2430e+05 9.4410e+05  3.2480e+00 
9.4410e+05 9.6420e+05  3.0740e+00 
9.6420e+05 9.8480e+05  2.5700e+00 
9.8480e+05 1.0060e+06  2.8120e+00 
1.0060e+06 1.0270e+06  2.6200e+00 
1.0270e+06 1.0490e+06  2.7740e+00 
1.0490e+06 1.0720e+06  3.4240e+00 
1.0720e+06 1.0940e+06  3.1900e+00 
1.0940e+06 1.1180e+06  2.8140e+00 
1.1180e+06 1.1420e+06  2.9100e+00 
1.1420e+06 1.1660e+06  2.5720e+00 
1.1660e+06 1.1910e+06  2.9000e+00 
1.1910e+06 1.2160e+06  3.2960e+00 
1.2160e+06 1.2420e+06  2.6720e+00 
1.2420e+06 1.2690e+06  2.7940e+00 
1.2690e+06 1.2960e+06  2.3860e+00 
1.2960e+06 1.3230e+06  2.2880e+00 
1.3230e+06 1.3520e+06  2.6220e+00 
1.3520e+06 1.3800e+06  2.3400e+00 
1.3800e+06 1.4100e+06  2.4880e+00 
1.4100e+06 1.4400e+06  2.3080e+00 
1.4400e+06 1.4710e+06  2.2900e+00 
1.4710e+06 1.5020e+06  2.4040e+00 
1.5020e+06 1.5340e+06  2.2060e+00 
1.5340e+06 1.5670e+06  2.2800e+00 
1.5670e+06 1.6000e+06  2.2020e+00 
1.6000e+06 1.6340e+06  2.4160e+00 
1.6340e+06 1.6690e+06  1.9344e+00 
1.6690e+06 1.7050e+06  1.7872e+00 
1.7050e+06 1.7410e+06  1.5024e+00 
1.7410e+06 1.7780e+06  1.9554e+00 
1.7780e+06 1.8160e+06  1.7786e+00 
1.8160e+06 1.8550e+06  1.8252e+00 
1.8550e+06 1.8950e+06  1.6332e+00 
1.8950e+06 1.9350e+06  1.5052e+00 
1.9350e+06 1.9760e+06  1.6324e+00 
1.9760e+06 2.0180e+06  1.4072e+00 
2.0180e+06 2.0610e+06  1.3432e+00 
2.0610e+06 2.1050e+06  1.3224e+00 
2.1050e+06 2.1500e+06  1.3144e+00 
2.1500e+06 2.1960e+06  1.2420e+00 
2.1960e+06 2.2430e+06  1.2668e+00 
2.2430e+06 2.2910e+06  1.1896e+00 
2.2910e+06 2.3400e+06  1.1302e+00 
2.3400e+06 2.3900e+06  1.1850e+00 
2.3900e+06 2.4410e+06  1.0844e+00 
2.4410e+06 2.4930e+06  9.8440e-01 
2.4930e+06 2.5460e+06  8.7620e-01 
2.5460e+06 2.6000e+06  8.5620e-01 
2.6000e+06 2.6560e+06  7.5180e-01 
2.6560e+06 2.7120e+06  7.7920e-01 
2.7120e+06 2.7700e+06  6.4000e-01 
2.7700e+06 2.8290e+06  7.1340e-01 
2.8290e+06 2.8900e+06  6.4980e-01 
2.8900e+06 2.9510e+06  5.9180e-01 
2.9510e+06 3.0140e+06  5.3080e-01 
3.0140e+06 3.0780e+06  5.4980e-01 
3.0780e+06 3.1440e+06  5.0020e-01 
3.1440e+06 3.2110e+06  4.5340e-01 
3.2110e+06 3.2800e+06  4.0200e-01 
3.2800e+06 3.3500e+06  3.7300e-01 
3.3500e+06 3.4210e+06  3.8600e-01 
3.4210e+06 3.4940e+06  3.5960e-01 
3.4940e+06 3.5690e+06  3.3520e-01 
3.5690e+06 3.6450e+06  3.0640e-01 
3.6450e+06 3.7220e+06  2.9760e-01 
3.7220e+06 3.8020e+06  2.6800e-01 
3.8020e+06 3.8830e+06  2.8060e-01 
3.8830e+06 3.9660e+06  2.6840e-01 
3.9660e+06 4.0500e+06  2.5820e-01 
4.0500e+06 4.1370e+06  2.5080e-01 
4.1370e+06 4.2250e+06  2.2940e-01 
4.2250e+06 4.3150e+06  2.1960e-01 
4.3150e+06 4.4070e+06  1.9624e-01 
4.4070e+06 4.5010e+06  1.9920e-01 
4.5010e+06 4.5970e+06  1.9512e-01 
4.5970e+06 4.6950e+06  1.8586e-01 
4.6950e+06 4.7950e+06  1.7952e-01 
4.7950e+06 4.8980e+06  1.6800e-01 
4.8980e+06 5.0020e+06  1.6220e-01 
5.0020e+06 5.1090e+06  1.4882e-01 
5.1090e+06 5.2180e+06  1.5020e-01 
5.2180e+06 5.3290e+06  1.4636e-01 
5.3290e+06 5.4430e+06  1.3694e-01 
5.4430e+06 5.5590e+06  1.3788e-01 
5.5590e+06 5.6780e+06  1.2232e-01 
5.6780e+06 5.7990e+06  1.2542e-01 
5.7990e+06 5.9220e+06  1.1948e-01 
5.9220e+06 6.0490e+06  1.1830e-01 
6.0490e+06 6.1780e+06  1.1458e-01 
6.1780e+06 6.3100e+06  1.1194e-01 
6.3100e+06 6.4440e+06  1.0632e-01 
6.4440e+06 6.5820e+06  1.0644e-01 
6.5820e+06 6.7220e+06  9.6800e-02 
6.7220e+06 6.8650e+06  9.5080e-02 
6.8650e+06 7.0120e+06  8.9680e-02 
7.0120e+06 7.1610e+06  8.7160e-02 
7.1610e+06 7.3140e+06  8.4300e-02 
7.3140e+06 7.4700e+06  8.5160e-02 
7.4700e+06 7.6300e+06  7.9680e-02 
7.6300e+06 7.7920e+06  7.5600e-02 
7.7920e+06 7.9590e+06  7.2740e-02 
7.9590e+06 8.1280e+06  7.4320e-02 
8.1280e+06 8.3020e+06  6.6360e-02 
8.3020e+06 8.4790e+06  6.5480e-02 
8.4790e+06 8.6600e+06  6.3120e-02 
8.6600e+06 8.8440e+06  5.9000e-02 
8.8440e+06 9.0330e+06  5.9460e-02 
9.0330e+06 9.2260e+06  5.8080e-02 
9.2260e+06 9.4230e+06  5.7240e-02 
9.4230e+06 9.6240e+06  5.3400e-02 
9.6240e+06 9.8290e+06  5.0760e-02 
9.8290e+06 1.0040e+07  4.9600e-02 
1.0040e+07 1.0250e+07  4.7960e-02 
1.0250e+07 1.0470e+07  4.6260e-02 
1.0470e+07 1.0690e+07  4.5320e-02 
1.0690e+07 1.0920e+07  4.5660e-02 
1.0920e+07 1.1160e+07  4.2020e-02 
1.1160e+07 1.1390e+07  3.9500e-02 
1.1390e+07 1.1640e+07  3.8880e-02 
1.1640e+07 1.1880e+07  3.9120e-02 
1.1880e+07 1.2140e+07  3.7080e-02 
1.2140e+07 1.2400e+07  3.6200e-02 
1.2400e+07 1.2660e+07  3.5480e-02 
1.2660e+07 1.2930e+07  3.3960e-02 
1.2930e+07 1.3210e+07  3.2400e-02 
1.3210e+07 1.3490e+07  3.2200e-02 
1.3490e+07 1.3780e+07  3.0860e-02 
1.3780e+07 1.4070e+07  3.0120e-02 
1.4070e+07 1.4370e+07  2.8260e-02 
1.4370e+07 1.4680e+07  2.7900e-02 
1.4680e+07 1.4990e+07  2.7700e-02 
1.4990e+07 1.5310e+07  2.6980e-02 
1.5310e+07 1.5640e+07  2.5980e-02 
1.5640e+07 1.5970e+07  2.5360e-02 
1.5970e+07 1.6310e+07  2.4120e-02 
1.6310e+07 1.6660e+07  2.4140e-02 
1.6660e+07 1.7020e+07  2.3460e-02 
1.7020e+07 1.7380e+07  2.2940e-02 
1.7380e+07 1.7750e+07  2.1640e-02 
1.7750e+07 1.8130e+07  2.1420e-02 
1.8130e+07 1.8510e+07  2.0560e-02 
1.8510e+07 1.8910e+07  2.0840e-02 
1.8910e+07 1.9310e+07  1.9822e-02 
1.9310e+07 1.9720e+07  1.9812e-02 
1.9720e+07 2.0140e+07  1.9200e-02 
2.0140e+07 2.0570e+07  1.8174e-02 
2.0570e+07 2.1010e+07  1.8174e-02 
2.1010e+07 2.1460e+07  1.7382e-02 
2.1460e+07 2.1920e+07  1.6548e-02 
2.1920e+07 2.2390e+07  1.6232e-02 
2.2390e+07 2.2860e+07  1.5754e-02 
2.2860e+07 2.3350e+07  1.5596e-02 
2.3350e+07 2.3850e+07  1.5154e-02 
2.3850e+07 2.4360e+07  1.4732e-02 
2.4360e+07 2.4880e+07  1.4634e-02 
2.4880e+07 2.5410e+07  1.4428e-02 
2.5410e+07 2.5950e+07  1.3924e-02 
2.5950e+07 2.6510e+07  1.4010e-02 
2.6510e+07 2.7070e+07  1.3216e-02 
2.7070e+07 2.7650e+07  1.3210e-02 
2.7650e+07 2.8240e+07  1.2682e-02 
2.8240e+07 2.8840e+07  1.2642e-02 
2.8840e+07 2.9460e+07  1.2416e-02 
2.9460e+07 3.0080e+07  1.2330e-02 
3.0080e+07 3.0730e+07  1.2210e-02 
3.0730e+07 3.1380e+07  1.1844e-02 
3.1380e+07 3.2050e+07  1.1380e-02 
3.2050e+07 3.2730e+07  1.1250e-02 
3.2730e+07 3.3430e+07  1.1238e-02 
3.3430e+07 3.4150e+07  1.1200e-02 
3.4150e+07 3.4870e+07  1.0668e-02 
3.4870e+07 3.5620e+07  1.1066e-02 
3.5620e+07 3.6380e+07  1.0816e-02 
3.6380e+07 3.7150e+07  1.0526e-02 
3.7150e+07 3.7950e+07  1.0678e-02 
3.7950e+07 3.8760e+07  1.0608e-02 
3.8760e+07 3.9580e+07  1.0200e-02 
3.9580e+07 4.0430e+07  1.0492e-02 
4.0430e+07 4.1290e+07  1.0324e-02 
4.1290e+07 4.2170e+07  1.0358e-02 
4.2170e+07 4.3070e+07  1.0348e-02 
4.3070e+07 4.3990e+07  1.0146e-02 
4.3990e+07 4.4930e+07  1.0154e-02 
4.4930e+07 4.5880e+07  1.0332e-02 
4.5880e+07 4.6860e+07  9.9640e-03 
4.6860e+07 4.7860e+07  9.8600e-03 
4.7860e+07 4.8880e+07  1.0024e-02 
4.8880e+07 4.9930e+07  9.9800e-03 
4.9930e+07 5.0990e+07  9.8960e-03 
5.0990e+07 5.2080e+07  9.6460e-03 
5.2080e+07 5.3190e+07  9.9140e-03 
5.3190e+07 5.4320e+07  9.7840e-03 
5.4320e+07 5.5480e+07  9.9480e-03 
5.5480e+07 5.6670e+07  9.4720e-03 
5.6670e+07 5.7880e+07  9.4000e-03 
5.7880e+07 5.9110e+07  9.1160e-03 
5.9110e+07 6.0370e+07  9.0440e-03 
6.0370e+07 6.1660e+07  8.7820e-03 
6.1660e+07 6.2970e+07  8.6940e-03 
6.2970e+07 6.4320e+07  8.4560e-03 
6.4320e+07 6.5690e+07  8.4500e-03 
6.5690e+07 6.7090e+07  8.2940e-03 
6.7090e+07 6.8520e+07  8.2060e-03 
6.8520e+07 6.9980e+07  7.9860e-03 
6.9980e+07 7.1480e+07  7.7580e-03 
7.1480e+07 7.3000e+07  7.7060e-03 
7.3000e+07 7.4560e+07  7.6820e-03 
7.4560e+07 7.6150e+07  7.4820e-03 
7.6150e+07 7.7770e+07  7.2980e-03 
7.7770e+07 7.9430e+07  7.1160e-03 
7.9430e+07 8.1130e+07  6.9920e-03 
8.1130e+07 8.2860e+07  6.9260e-03 
8.2860e+07 8.4630e+07  6.8980e-03 
8.4630e+07 8.6430e+07  6.5540e-03 
8.6430e+07 8.8270e+07  6.4980e-03 
8.8270e+07 9.0160e+07  6.4520e-03 
9.0160e+07 9.2080e+07  6.3600e-03 
9.2080e+07 9.4040e+07  6.2620e-03 
9.4040e+07 9.6050e+07  6.0000e-03 
9.6050e+07 9.8100e+07  5.8280e-03 
9.8100e+07 1.0020e+08  5.8200e-03 
1.0020e+08 1.0230e+08  5.7260e-03 
1.0230e+08 1.0450e+08  5.6820e-03 
1.0450e+08 1.0670e+08  5.4700e-03 
1.0670e+08 1.0900e+08  5.3500e-03 
1.0900e+08 1.1130e+08  5.3500e-03 
1.1130e+08 1.1370e+08  5.2780e-03 
1.1370e+08 1.1610e+08  5.1140e-03 
1.1610e+08 1.1860e+08  5.2400e-03 
1.1860e+08 1.2120e+08  5.1360e-03 
1.2120e+08 1.2370e+08  5.0040e-03 
1.2370e+08 1.2640e+08  4.9060e-03 
1.2640e+08 1.2910e+08  4.8860e-03 
1.2910e+08 1.3180e+08  4.7440e-03 
1.3180e+08 1.3460e+08  4.5780e-03 
1.3460e+08 1.3750e+08  4.6380e-03 
1.3750e+08 1.4040e+08  4.5400e-03 
1.4040e+08 1.4340e+08  4.5040e-03 
1.4340e+08 1.4650e+08  4.3220e-03 
1.4650e+08 1.4960e+08  4.1300e-03 
1.4960e+08 1.5280e+08  4.0600e-03 
1.5280e+08 1.5610e+08  3.9600e-03 
1.5610e+08 1.5940e+08  3.8000e-03 
1.5940e+08 1.6280e+08  3.7660e-03 
1.6280e+08 1.6630e+08  3.6240e-03 
1.6630e+08 1.6980e+08  3.6040e-03 
1.6980e+08 1.7340e+08  3.5240e-03 
1.7340e+08 1.7710e+08  3.3900e-03 
1.7710e+08 1.8090e+08  3.4000e-03 
1.8090e+08 1.8480e+08  3.3020e-03 
1.8480e+08 1.8870e+08  3.2320e-03 
1.8870e+08 1.9280e+08  3.1340e-03 
1.9280e+08 1.9690e+08  3.0940e-03 
1.9690e+08 2.0110e+08  3.0560e-03 
2.0110e+08 2.0540e+08  2.9120e-03 
2.0540e+08 2.0970e+08  2.8040e-03 
2.0970e+08 2.1420e+08  2.7600e-03 
2.1420e+08 2.1880e+08  2.6480e-03 
2.1880e+08 2.2340e+08  2.6080e-03 
2.2340e+08 2.2820e+08  2.4500e-03 
2.2820e+08 2.3310e+08  2.4420e-03 
2.3310e+08 2.3800e+08  2.3580e-03 
2.3800e+08 2.4310e+08  2.3220e-03 
2.4310e+08 2.4830e+08  2.2580e-03 
2.4830e+08 2.5360e+08  2.2080e-03 
2.5360e+08 2.5900e+08  2.1880e-03 
2.5900e+08 2.6450e+08  2.1040e-03 
2.6450e+08 2.7020e+08  2.0460e-03 
2.7020e+08 2.7600e+08  2.0080e-03 
2.7600e+08 2.8180e+08  1.9312e-03 
2.8180e+08 2.8780e+08  1.8286e-03 
2.8780e+08 2.9400e+08  1.8090e-03 
2.9400e+08 3.0030e+08  1.7814e-03 
3.0030e+08 3.0670e+08  1.7118e-03 
3.0670e+08 3.1320e+08  1.6456e-03 
3.1320e+08 3.1990e+08  1.6510e-03 
3.1990e+08 3.2670e+08  1.5260e-03 
3.2670e+08 3.3370e+08  1.4992e-03 
3.3370e+08 3.4080e+08  1.4598e-03 
3.4080e+08 3.4810e+08  1.4122e-03 
3.4810e+08 3.5550e+08  1.3666e-03 
3.5550e+08 3.6310e+08  1.3100e-03 
3.6310e+08 3.7080e+08  1.2838e-03 
3.7080e+08 3.7870e+08  1.2420e-03 
3.7870e+08 3.8680e+08  1.2166e-03 
3.8680e+08 3.9510e+08  1.1598e-03 
3.9510e+08 4.0350e+08  1.1658e-03 
4.0350e+08 4.1210e+08  1.0728e-03 
4.1210e+08 4.2090e+08  1.0674e-03 
4.2090e+08 4.2990e+08  1.0470e-03 
4.2990e+08 4.3900e+08  1.0240e-03 
4.3900e+08 4.4840e+08  1.0098e-03 
4.4840e+08 4.5800e+08  9.5500e-04 
4.5800e+08 4.6770e+08  9.4120e-04 
4.6770e+08 4.7770e+08  9.0880e-04 
4.7770e+08 4.8790e+08  9.0000e-04 
4.8790e+08 4.9830e+08  8.3260e-04 
4.9830e+08 5.0890e+08  8.4860e-04 
5.0890e+08 5.1980e+08  8.0340e-04 
5.1980e+08 5.3090e+08  7.8900e-04 
5.3090e+08 5.4220e+08  7.8060e-04 
5.4220e+08 5.5380e+08  7.5020e-04 
5.5380e+08 5.6560e+08  7.4040e-04 
5.6560e+08 5.7770e+08  6.9520e-04 
5.7770e+08 5.9000e+08  7.0140e-04 
5.9000e+08 6.0260e+08  6.7240e-04 
6.0260e+08 6.1540e+08  6.6440e-04 
6.1540e+08 6.2850e+08  6.5220e-04 
6.2850e+08 6.4190e+08  6.2720e-04 
6.4190e+08 6.5560e+08  6.1820e-04 
6.5560e+08 6.6960e+08  5.8540e-04 
6.6960e+08 6.8390e+08  5.8040e-04 
6.8390e+08 6.9850e+08  5.6380e-04 
6.9850e+08 7.1340e+08  5.5400e-04 
7.1340e+08 7.2860e+08  5.3900e-04 
7.2860e+08 7.4420e+08  5.3380e-04 
7.4420e+08 7.6000e+08  5.1900e-04 
7.6000e+08 7.7620e+08  4.9540e-04 
7.7620e+08 7.9280e+08  4.8380e-04 
7.9280e+08 8.0970e+08  4.6640e-04 
8.0970e+08 8.2700e+08  4.6640e-04 
8.2700e+08 8.4460e+08  4.4920e-04 
8.4460e+08 8.6260e+08  4.4140e-04 
8.6260e+08 8.8100e+08  4.2740e-04 
8.8100e+08 8.9980e+08  4.2200e-04 
8.9980e+08 9.1900e+08  4.0380e-04 
9.1900e+08 9.3860e+08  4.0080e-04 
9.3860e+08 9.5870e+08  3.9020e-04 
9.5870e+08 9.7910e+08  3.7320e-04 
9.7910e+08 1.0000e+09  0.0000e+00 
