#flux integrated over beam size
#Elow[eV]  Eup[eV]    n/eV/pp
1.000e-02 1.021e-02  2.979e+04 
1.021e-02 1.043e-02  2.581e+04 
1.043e-02 1.065e-02  3.121e+04 
1.065e-02 1.088e-02  3.018e+04 
1.088e-02 1.111e-02  4.024e+04 
1.111e-02 1.135e-02  3.184e+04 
1.135e-02 1.159e-02  2.664e+04 
1.159e-02 1.184e-02  3.263e+04 
1.184e-02 1.209e-02  2.751e+04 
1.209e-02 1.235e-02  3.611e+04 
1.235e-02 1.261e-02  2.765e+04 
1.261e-02 1.288e-02  3.470e+04 
1.288e-02 1.316e-02  3.410e+04 
1.316e-02 1.344e-02  3.469e+04 
1.344e-02 1.372e-02  3.183e+04 
1.372e-02 1.402e-02  3.373e+04 
1.402e-02 1.432e-02  3.445e+04 
1.432e-02 1.462e-02  3.378e+04 
1.462e-02 1.493e-02  4.333e+04 
1.493e-02 1.525e-02  3.651e+04 
1.525e-02 1.558e-02  3.796e+04 
1.558e-02 1.591e-02  4.158e+04 
1.591e-02 1.625e-02  4.931e+04 
1.625e-02 1.660e-02  4.250e+04 
1.660e-02 1.695e-02  4.802e+04 
1.695e-02 1.731e-02  4.330e+04 
1.731e-02 1.768e-02  4.090e+04 
1.768e-02 1.806e-02  4.185e+04 
1.806e-02 1.844e-02  4.647e+04 
1.844e-02 1.884e-02  4.208e+04 
1.884e-02 1.924e-02  5.497e+04 
1.924e-02 1.965e-02  4.342e+04 
1.965e-02 2.007e-02  5.259e+04 
2.007e-02 2.050e-02  4.397e+04 
2.050e-02 2.093e-02  5.550e+04 
2.093e-02 2.138e-02  5.291e+04 
2.138e-02 2.184e-02  5.183e+04 
2.184e-02 2.230e-02  4.586e+04 
2.230e-02 2.278e-02  5.211e+04 
2.278e-02 2.326e-02  5.424e+04 
2.326e-02 2.376e-02  4.919e+04 
2.376e-02 2.427e-02  5.030e+04 
2.427e-02 2.478e-02  4.400e+04 
2.478e-02 2.531e-02  4.588e+04 
2.531e-02 2.585e-02  5.596e+04 
2.585e-02 2.640e-02  5.091e+04 
2.640e-02 2.697e-02  4.992e+04 
2.697e-02 2.754e-02  5.653e+04 
2.754e-02 2.813e-02  5.563e+04 
2.813e-02 2.873e-02  5.881e+04 
2.873e-02 2.934e-02  5.634e+04 
2.934e-02 2.997e-02  5.592e+04 
2.997e-02 3.061e-02  6.217e+04 
3.061e-02 3.126e-02  6.301e+04 
3.126e-02 3.193e-02  6.028e+04 
3.193e-02 3.261e-02  6.131e+04 
3.261e-02 3.330e-02  5.956e+04 
3.330e-02 3.401e-02  5.246e+04 
3.401e-02 3.474e-02  6.151e+04 
3.474e-02 3.548e-02  6.192e+04 
3.548e-02 3.624e-02  6.095e+04 
3.624e-02 3.701e-02  6.242e+04 
3.701e-02 3.780e-02  5.908e+04 
3.780e-02 3.861e-02  5.501e+04 
3.861e-02 3.943e-02  6.553e+04 
3.943e-02 4.027e-02  6.263e+04 
4.027e-02 4.113e-02  6.025e+04 
4.113e-02 4.201e-02  5.983e+04 
4.201e-02 4.290e-02  5.825e+04 
4.290e-02 4.382e-02  6.335e+04 
4.382e-02 4.475e-02  6.060e+04 
4.475e-02 4.571e-02  6.380e+04 
4.571e-02 4.668e-02  6.030e+04 
4.668e-02 4.768e-02  5.691e+04 
4.768e-02 4.870e-02  5.994e+04 
4.870e-02 4.974e-02  6.155e+04 
4.974e-02 5.080e-02  6.073e+04 
5.080e-02 5.188e-02  6.286e+04 
5.188e-02 5.299e-02  5.316e+04 
5.299e-02 5.412e-02  5.852e+04 
5.412e-02 5.527e-02  6.163e+04 
5.527e-02 5.645e-02  6.005e+04 
5.645e-02 5.765e-02  6.125e+04 
5.765e-02 5.888e-02  6.221e+04 
5.888e-02 6.014e-02  6.121e+04 
6.014e-02 6.142e-02  5.591e+04 
6.142e-02 6.273e-02  5.779e+04 
6.273e-02 6.407e-02  5.987e+04 
6.407e-02 6.544e-02  5.519e+04 
6.544e-02 6.683e-02  5.267e+04 
6.683e-02 6.826e-02  5.315e+04 
6.826e-02 6.972e-02  5.640e+04 
6.972e-02 7.120e-02  5.392e+04 
7.120e-02 7.272e-02  5.307e+04 
7.272e-02 7.427e-02  5.506e+04 
7.427e-02 7.586e-02  5.534e+04 
7.586e-02 7.748e-02  5.317e+04 
7.748e-02 7.913e-02  5.069e+04 
7.913e-02 8.082e-02  5.189e+04 
8.082e-02 8.254e-02  5.213e+04 
8.254e-02 8.430e-02  4.498e+04 
8.430e-02 8.610e-02  4.913e+04 
8.610e-02 8.794e-02  5.131e+04 
8.794e-02 8.981e-02  4.907e+04 
8.981e-02 9.173e-02  4.655e+04 
9.173e-02 9.368e-02  4.582e+04 
9.368e-02 9.568e-02  4.483e+04 
9.568e-02 9.772e-02  4.356e+04 
9.772e-02 9.981e-02  5.084e+04 
9.981e-02 1.019e-01  4.391e+04 
1.019e-01 1.041e-01  4.287e+04 
1.041e-01 1.063e-01  4.372e+04 
1.063e-01 1.086e-01  3.915e+04 
1.086e-01 1.109e-01  3.999e+04 
1.109e-01 1.133e-01  4.069e+04 
1.133e-01 1.157e-01  4.417e+04 
1.157e-01 1.182e-01  4.195e+04 
1.182e-01 1.207e-01  3.794e+04 
1.207e-01 1.233e-01  4.065e+04 
1.233e-01 1.259e-01  3.948e+04 
1.259e-01 1.286e-01  3.656e+04 
1.286e-01 1.313e-01  3.616e+04 
1.313e-01 1.341e-01  3.684e+04 
1.341e-01 1.370e-01  3.373e+04 
1.370e-01 1.399e-01  3.633e+04 
1.399e-01 1.429e-01  3.636e+04 
1.429e-01 1.459e-01  3.317e+04 
1.459e-01 1.490e-01  3.416e+04 
1.490e-01 1.522e-01  3.363e+04 
1.522e-01 1.555e-01  3.315e+04 
1.555e-01 1.588e-01  3.163e+04 
1.588e-01 1.622e-01  3.188e+04 
1.622e-01 1.656e-01  3.115e+04 
1.656e-01 1.692e-01  3.161e+04 
1.692e-01 1.728e-01  3.197e+04 
1.728e-01 1.765e-01  3.061e+04 
1.765e-01 1.802e-01  3.009e+04 
1.802e-01 1.841e-01  2.862e+04 
1.841e-01 1.880e-01  2.796e+04 
1.880e-01 1.920e-01  2.887e+04 
1.920e-01 1.961e-01  2.885e+04 
1.961e-01 2.003e-01  2.748e+04 
2.003e-01 2.046e-01  2.727e+04 
2.046e-01 2.089e-01  2.731e+04 
2.089e-01 2.134e-01  2.610e+04 
2.134e-01 2.179e-01  2.766e+04 
2.179e-01 2.226e-01  2.454e+04 
2.226e-01 2.273e-01  2.649e+04 
2.273e-01 2.322e-01  2.435e+04 
2.322e-01 2.371e-01  2.684e+04 
2.371e-01 2.422e-01  2.443e+04 
2.422e-01 2.474e-01  2.466e+04 
2.474e-01 2.526e-01  2.351e+04 
2.526e-01 2.580e-01  2.422e+04 
2.580e-01 2.635e-01  2.408e+04 
2.635e-01 2.692e-01  2.370e+04 
2.692e-01 2.749e-01  2.277e+04 
2.749e-01 2.808e-01  2.339e+04 
2.808e-01 2.867e-01  2.257e+04 
2.867e-01 2.929e-01  2.250e+04 
2.929e-01 2.991e-01  2.107e+04 
2.991e-01 3.055e-01  2.072e+04 
3.055e-01 3.120e-01  2.195e+04 
3.120e-01 3.187e-01  2.153e+04 
3.187e-01 3.255e-01  2.142e+04 
3.255e-01 3.324e-01  2.111e+04 
3.324e-01 3.395e-01  1.950e+04 
3.395e-01 3.467e-01  1.975e+04 
3.467e-01 3.541e-01  1.868e+04 
3.541e-01 3.617e-01  1.956e+04 
3.617e-01 3.694e-01  2.000e+04 
3.694e-01 3.773e-01  1.877e+04 
3.773e-01 3.853e-01  1.899e+04 
3.853e-01 3.936e-01  1.879e+04 
3.936e-01 4.019e-01  1.841e+04 
4.019e-01 4.105e-01  1.765e+04 
4.105e-01 4.193e-01  1.749e+04 
4.193e-01 4.282e-01  1.751e+04 
4.282e-01 4.374e-01  1.749e+04 
4.374e-01 4.467e-01  1.752e+04 
4.467e-01 4.562e-01  1.758e+04 
4.562e-01 4.659e-01  1.630e+04 
4.659e-01 4.759e-01  1.628e+04 
4.759e-01 4.860e-01  1.626e+04 
4.860e-01 4.964e-01  1.587e+04 
4.964e-01 5.070e-01  1.648e+04 
5.070e-01 5.178e-01  1.617e+04 
5.178e-01 5.289e-01  1.487e+04 
5.289e-01 5.401e-01  1.513e+04 
5.401e-01 5.517e-01  1.463e+04 
5.517e-01 5.634e-01  1.521e+04 
5.634e-01 5.754e-01  1.488e+04 
5.754e-01 5.877e-01  1.499e+04 
5.877e-01 6.003e-01  1.483e+04 
6.003e-01 6.131e-01  1.423e+04 
6.131e-01 6.261e-01  1.377e+04 
6.261e-01 6.395e-01  1.384e+04 
6.395e-01 6.531e-01  1.378e+04 
6.531e-01 6.671e-01  1.316e+04 
6.671e-01 6.813e-01  1.295e+04 
6.813e-01 6.958e-01  1.302e+04 
6.958e-01 7.107e-01  1.308e+04 
7.107e-01 7.258e-01  1.277e+04 
7.258e-01 7.413e-01  1.209e+04 
7.413e-01 7.571e-01  1.161e+04 
7.571e-01 7.733e-01  1.186e+04 
7.733e-01 7.898e-01  1.159e+04 
7.898e-01 8.066e-01  1.155e+04 
8.066e-01 8.238e-01  1.118e+04 
8.238e-01 8.414e-01  1.089e+04 
8.414e-01 8.593e-01  1.100e+04 
8.593e-01 8.777e-01  1.030e+04 
8.777e-01 8.964e-01  1.042e+04 
8.964e-01 9.155e-01  1.058e+04 
9.155e-01 9.350e-01  1.033e+04 
9.350e-01 9.550e-01  9.918e+03 
9.550e-01 9.754e-01  9.788e+03 
9.754e-01 9.962e-01  9.900e+03 
9.962e-01 1.017e+00  9.407e+03 
1.017e+00 1.039e+00  9.329e+03 
1.039e+00 1.061e+00  9.002e+03 
1.061e+00 1.084e+00  9.078e+03 
1.084e+00 1.107e+00  8.837e+03 
1.107e+00 1.131e+00  8.999e+03 
1.131e+00 1.155e+00  8.407e+03 
1.155e+00 1.179e+00  8.673e+03 
1.179e+00 1.205e+00  8.160e+03 
1.205e+00 1.230e+00  8.433e+03 
1.230e+00 1.257e+00  7.505e+03 
1.257e+00 1.283e+00  8.307e+03 
1.283e+00 1.311e+00  8.232e+03 
1.311e+00 1.339e+00  7.756e+03 
1.339e+00 1.367e+00  7.505e+03 
1.367e+00 1.396e+00  7.542e+03 
1.396e+00 1.426e+00  7.689e+03 
1.426e+00 1.457e+00  7.347e+03 
1.457e+00 1.488e+00  7.099e+03 
1.488e+00 1.519e+00  7.199e+03 
1.519e+00 1.552e+00  6.861e+03 
1.552e+00 1.585e+00  6.770e+03 
1.585e+00 1.619e+00  6.889e+03 
1.619e+00 1.653e+00  6.606e+03 
1.653e+00 1.688e+00  6.368e+03 
1.688e+00 1.725e+00  6.292e+03 
1.725e+00 1.761e+00  6.211e+03 
1.761e+00 1.799e+00  5.971e+03 
1.799e+00 1.837e+00  5.859e+03 
1.837e+00 1.876e+00  6.067e+03 
1.876e+00 1.916e+00  5.823e+03 
1.916e+00 1.957e+00  5.905e+03 
1.957e+00 1.999e+00  5.693e+03 
1.999e+00 2.042e+00  5.359e+03 
2.042e+00 2.085e+00  5.659e+03 
2.085e+00 2.130e+00  5.109e+03 
2.130e+00 2.175e+00  5.358e+03 
2.175e+00 2.222e+00  5.126e+03 
2.222e+00 2.269e+00  5.258e+03 
2.269e+00 2.317e+00  5.099e+03 
2.317e+00 2.367e+00  4.977e+03 
2.367e+00 2.417e+00  4.820e+03 
2.417e+00 2.469e+00  4.780e+03 
2.469e+00 2.522e+00  4.802e+03 
2.522e+00 2.575e+00  4.561e+03 
2.575e+00 2.630e+00  4.383e+03 
2.630e+00 2.686e+00  4.530e+03 
2.686e+00 2.744e+00  4.379e+03 
2.744e+00 2.802e+00  4.223e+03 
2.802e+00 2.862e+00  4.461e+03 
2.862e+00 2.923e+00  4.337e+03 
2.923e+00 2.985e+00  3.935e+03 
2.985e+00 3.049e+00  4.008e+03 
3.049e+00 3.114e+00  3.972e+03 
3.114e+00 3.181e+00  3.722e+03 
3.181e+00 3.248e+00  3.766e+03 
3.248e+00 3.318e+00  3.663e+03 
3.318e+00 3.388e+00  3.722e+03 
3.388e+00 3.461e+00  3.598e+03 
3.461e+00 3.535e+00  3.573e+03 
3.535e+00 3.610e+00  3.397e+03 
3.610e+00 3.687e+00  3.450e+03 
3.687e+00 3.766e+00  3.461e+03 
3.766e+00 3.846e+00  3.336e+03 
3.846e+00 3.928e+00  3.395e+03 
3.928e+00 4.012e+00  3.255e+03 
4.012e+00 4.097e+00  3.137e+03 
4.097e+00 4.185e+00  2.988e+03 
4.185e+00 4.274e+00  2.999e+03 
4.274e+00 4.365e+00  2.810e+03 
4.365e+00 4.458e+00  2.904e+03 
4.458e+00 4.553e+00  2.881e+03 
4.553e+00 4.651e+00  2.710e+03 
4.651e+00 4.750e+00  2.631e+03 
4.750e+00 4.851e+00  2.611e+03 
4.851e+00 4.955e+00  2.555e+03 
4.955e+00 5.060e+00  2.585e+03 
5.060e+00 5.168e+00  2.460e+03 
5.168e+00 5.278e+00  2.463e+03 
5.278e+00 5.391e+00  2.432e+03 
5.391e+00 5.506e+00  2.385e+03 
5.506e+00 5.623e+00  2.315e+03 
5.623e+00 5.743e+00  2.425e+03 
5.743e+00 5.866e+00  2.308e+03 
5.866e+00 5.991e+00  2.278e+03 
5.991e+00 6.119e+00  2.176e+03 
6.119e+00 6.249e+00  2.183e+03 
6.249e+00 6.383e+00  2.175e+03 
6.383e+00 6.519e+00  2.056e+03 
6.519e+00 6.658e+00  2.005e+03 
6.658e+00 6.800e+00  2.080e+03 
6.800e+00 6.945e+00  1.962e+03 
6.945e+00 7.093e+00  2.061e+03 
7.093e+00 7.244e+00  1.820e+03 
7.244e+00 7.399e+00  1.818e+03 
7.399e+00 7.557e+00  1.910e+03 
7.557e+00 7.718e+00  1.862e+03 
7.718e+00 7.883e+00  1.762e+03 
7.883e+00 8.051e+00  1.750e+03 
8.051e+00 8.222e+00  1.753e+03 
8.222e+00 8.398e+00  1.668e+03 
8.398e+00 8.577e+00  1.637e+03 
8.577e+00 8.760e+00  1.685e+03 
8.760e+00 8.947e+00  1.611e+03 
8.947e+00 9.138e+00  1.603e+03 
9.138e+00 9.333e+00  1.526e+03 
9.333e+00 9.532e+00  1.528e+03 
9.532e+00 9.735e+00  1.460e+03 
9.735e+00 9.943e+00  1.481e+03 
9.943e+00 1.015e+01  1.422e+03 
1.015e+01 1.037e+01  1.412e+03 
1.037e+01 1.059e+01  1.345e+03 
1.059e+01 1.082e+01  1.336e+03 
1.082e+01 1.105e+01  1.322e+03 
1.105e+01 1.129e+01  1.280e+03 
1.129e+01 1.153e+01  1.299e+03 
1.153e+01 1.177e+01  1.224e+03 
1.177e+01 1.202e+01  1.213e+03 
1.202e+01 1.228e+01  1.218e+03 
1.228e+01 1.254e+01  1.233e+03 
1.254e+01 1.281e+01  1.159e+03 
1.281e+01 1.308e+01  1.147e+03 
1.308e+01 1.336e+01  1.143e+03 
1.336e+01 1.365e+01  1.103e+03 
1.365e+01 1.394e+01  1.075e+03 
1.394e+01 1.423e+01  1.022e+03 
1.423e+01 1.454e+01  1.059e+03 
1.454e+01 1.485e+01  1.055e+03 
1.485e+01 1.516e+01  1.008e+03 
1.516e+01 1.549e+01  1.010e+03 
1.549e+01 1.582e+01  9.550e+02 
1.582e+01 1.616e+01  9.918e+02 
1.616e+01 1.650e+01  9.261e+02 
1.650e+01 1.685e+01  9.025e+02 
1.685e+01 1.721e+01  9.305e+02 
1.721e+01 1.758e+01  8.822e+02 
1.758e+01 1.795e+01  8.309e+02 
1.795e+01 1.834e+01  8.725e+02 
1.834e+01 1.873e+01  8.389e+02 
1.873e+01 1.913e+01  8.239e+02 
1.913e+01 1.954e+01  7.967e+02 
1.954e+01 1.995e+01  7.733e+02 
1.995e+01 2.038e+01  7.786e+02 
2.038e+01 2.081e+01  7.484e+02 
2.081e+01 2.126e+01  7.271e+02 
2.126e+01 2.171e+01  7.192e+02 
2.171e+01 2.217e+01  7.280e+02 
2.217e+01 2.265e+01  7.019e+02 
2.265e+01 2.313e+01  6.963e+02 
2.313e+01 2.362e+01  6.754e+02 
2.362e+01 2.413e+01  6.601e+02 
2.413e+01 2.464e+01  6.488e+02 
2.464e+01 2.517e+01  6.641e+02 
2.517e+01 2.570e+01  6.472e+02 
2.570e+01 2.625e+01  6.159e+02 
2.625e+01 2.681e+01  6.014e+02 
2.681e+01 2.738e+01  5.915e+02 
2.738e+01 2.797e+01  5.738e+02 
2.797e+01 2.856e+01  5.888e+02 
2.856e+01 2.917e+01  5.712e+02 
2.917e+01 2.980e+01  5.494e+02 
2.980e+01 3.043e+01  5.229e+02 
3.043e+01 3.108e+01  5.449e+02 
3.108e+01 3.174e+01  5.040e+02 
3.174e+01 3.242e+01  5.039e+02 
3.242e+01 3.311e+01  5.175e+02 
3.311e+01 3.382e+01  4.889e+02 
3.382e+01 3.454e+01  4.820e+02 
3.454e+01 3.528e+01  4.659e+02 
3.528e+01 3.603e+01  4.559e+02 
3.603e+01 3.680e+01  4.633e+02 
3.680e+01 3.758e+01  4.516e+02 
3.758e+01 3.839e+01  4.339e+02 
3.839e+01 3.920e+01  4.252e+02 
3.920e+01 4.004e+01  4.261e+02 
4.004e+01 4.089e+01  4.281e+02 
4.089e+01 4.177e+01  4.062e+02 
4.177e+01 4.266e+01  3.929e+02 
4.266e+01 4.357e+01  3.882e+02 
4.357e+01 4.450e+01  3.649e+02 
4.450e+01 4.545e+01  3.772e+02 
4.545e+01 4.642e+01  3.655e+02 
4.642e+01 4.741e+01  3.502e+02 
4.741e+01 4.842e+01  3.678e+02 
4.842e+01 4.945e+01  3.445e+02 
4.945e+01 5.050e+01  3.472e+02 
5.050e+01 5.158e+01  3.252e+02 
5.158e+01 5.268e+01  3.156e+02 
5.268e+01 5.381e+01  3.236e+02 
5.381e+01 5.495e+01  3.242e+02 
5.495e+01 5.613e+01  3.007e+02 
5.613e+01 5.732e+01  3.029e+02 
5.732e+01 5.855e+01  3.021e+02 
5.855e+01 5.980e+01  2.982e+02 
5.980e+01 6.107e+01  2.899e+02 
6.107e+01 6.237e+01  2.704e+02 
6.237e+01 6.370e+01  2.736e+02 
6.370e+01 6.506e+01  2.681e+02 
6.506e+01 6.645e+01  2.597e+02 
6.645e+01 6.787e+01  2.550e+02 
6.787e+01 6.932e+01  2.459e+02 
6.932e+01 7.079e+01  2.498e+02 
7.079e+01 7.230e+01  2.515e+02 
7.230e+01 7.385e+01  2.382e+02 
7.385e+01 7.542e+01  2.428e+02 
7.542e+01 7.703e+01  2.209e+02 
7.703e+01 7.867e+01  2.287e+02 
7.867e+01 8.035e+01  2.229e+02 
8.035e+01 8.207e+01  2.096e+02 
8.207e+01 8.382e+01  2.037e+02 
8.382e+01 8.561e+01  2.073e+02 
8.561e+01 8.743e+01  2.130e+02 
8.743e+01 8.930e+01  1.970e+02 
8.930e+01 9.120e+01  1.959e+02 
9.120e+01 9.315e+01  1.936e+02 
9.315e+01 9.513e+01  1.909e+02 
9.513e+01 9.716e+01  1.827e+02 
9.716e+01 9.924e+01  1.870e+02 
9.924e+01 1.014e+02  1.861e+02 
1.014e+02 1.035e+02  1.709e+02 
1.035e+02 1.057e+02  1.659e+02 
1.057e+02 1.080e+02  1.655e+02 
1.080e+02 1.103e+02  1.613e+02 
1.103e+02 1.126e+02  1.564e+02 
1.126e+02 1.150e+02  1.614e+02 
1.150e+02 1.175e+02  1.592e+02 
1.175e+02 1.200e+02  1.520e+02 
1.200e+02 1.226e+02  1.545e+02 
1.226e+02 1.252e+02  1.483e+02 
1.252e+02 1.278e+02  1.455e+02 
1.278e+02 1.306e+02  1.403e+02 
1.306e+02 1.334e+02  1.382e+02 
1.334e+02 1.362e+02  1.336e+02 
1.362e+02 1.391e+02  1.349e+02 
1.391e+02 1.421e+02  1.347e+02 
1.421e+02 1.451e+02  1.255e+02 
1.451e+02 1.482e+02  1.261e+02 
1.482e+02 1.514e+02  1.259e+02 
1.514e+02 1.546e+02  1.214e+02 
1.546e+02 1.579e+02  1.187e+02 
1.579e+02 1.612e+02  1.177e+02 
1.612e+02 1.647e+02  1.127e+02 
1.647e+02 1.682e+02  1.116e+02 
1.682e+02 1.718e+02  1.095e+02 
1.718e+02 1.755e+02  1.054e+02 
1.755e+02 1.792e+02  1.052e+02 
1.792e+02 1.830e+02  1.008e+02 
1.830e+02 1.869e+02  1.025e+02 
1.869e+02 1.909e+02  9.846e+01 
1.909e+02 1.950e+02  9.672e+01 
1.950e+02 1.991e+02  9.515e+01 
1.991e+02 2.034e+02  9.557e+01 
2.034e+02 2.077e+02  9.058e+01 
2.077e+02 2.122e+02  8.948e+01 
2.122e+02 2.167e+02  9.004e+01 
2.167e+02 2.213e+02  8.774e+01 
2.213e+02 2.260e+02  8.259e+01 
2.260e+02 2.309e+02  8.193e+01 
2.309e+02 2.358e+02  8.241e+01 
2.358e+02 2.408e+02  8.016e+01 
2.408e+02 2.459e+02  7.588e+01 
2.459e+02 2.512e+02  7.690e+01 
2.512e+02 2.565e+02  7.555e+01 
2.565e+02 2.620e+02  7.227e+01 
2.620e+02 2.676e+02  7.299e+01 
2.676e+02 2.733e+02  7.297e+01 
2.733e+02 2.791e+02  7.051e+01 
2.791e+02 2.851e+02  6.821e+01 
2.851e+02 2.912e+02  6.954e+01 
2.912e+02 2.974e+02  6.561e+01 
2.974e+02 3.037e+02  6.411e+01 
3.037e+02 3.102e+02  6.405e+01 
3.102e+02 3.168e+02  5.955e+01 
3.168e+02 3.236e+02  5.582e+01 
3.236e+02 3.305e+02  4.378e+01 
3.305e+02 3.375e+02  3.619e+01 
3.375e+02 3.447e+02  3.728e+01 
3.447e+02 3.521e+02  4.360e+01 
3.521e+02 3.596e+02  4.592e+01 
3.596e+02 3.673e+02  4.831e+01 
3.673e+02 3.751e+02  5.012e+01 
3.751e+02 3.831e+02  4.913e+01 
3.831e+02 3.913e+02  4.816e+01 
3.913e+02 3.996e+02  4.836e+01 
3.996e+02 4.082e+02  4.806e+01 
4.082e+02 4.169e+02  4.808e+01 
4.169e+02 4.258e+02  4.583e+01 
4.258e+02 4.348e+02  4.579e+01 
4.348e+02 4.441e+02  4.501e+01 
4.441e+02 4.536e+02  4.398e+01 
4.536e+02 4.633e+02  4.445e+01 
4.633e+02 4.732e+02  4.306e+01 
4.732e+02 4.832e+02  4.254e+01 
4.832e+02 4.936e+02  4.121e+01 
4.936e+02 5.041e+02  4.071e+01 
5.041e+02 5.148e+02  3.826e+01 
5.148e+02 5.258e+02  3.751e+01 
5.258e+02 5.370e+02  3.753e+01 
5.370e+02 5.485e+02  3.743e+01 
5.485e+02 5.602e+02  3.594e+01 
5.602e+02 5.721e+02  3.528e+01 
5.721e+02 5.843e+02  3.484e+01 
5.843e+02 5.968e+02  3.414e+01 
5.968e+02 6.095e+02  3.426e+01 
6.095e+02 6.225e+02  3.235e+01 
6.225e+02 6.358e+02  3.263e+01 
6.358e+02 6.494e+02  3.195e+01 
6.494e+02 6.632e+02  3.099e+01 
6.632e+02 6.774e+02  2.956e+01 
6.774e+02 6.918e+02  2.947e+01 
6.918e+02 7.066e+02  2.896e+01 
7.066e+02 7.217e+02  2.875e+01 
7.217e+02 7.371e+02  2.745e+01 
7.371e+02 7.528e+02  2.750e+01 
7.528e+02 7.688e+02  2.638e+01 
7.688e+02 7.852e+02  2.637e+01 
7.852e+02 8.020e+02  2.633e+01 
8.020e+02 8.191e+02  2.483e+01 
8.191e+02 8.366e+02  2.473e+01 
8.366e+02 8.544e+02  2.459e+01 
8.544e+02 8.726e+02  2.386e+01 
8.726e+02 8.913e+02  2.360e+01 
8.913e+02 9.103e+02  2.314e+01 
9.103e+02 9.297e+02  2.238e+01 
9.297e+02 9.495e+02  2.243e+01 
9.495e+02 9.698e+02  2.200e+01 
9.698e+02 9.905e+02  2.173e+01 
9.905e+02 1.012e+03  2.068e+01 
1.012e+03 1.033e+03  2.090e+01 
1.033e+03 1.055e+03  1.967e+01 
1.055e+03 1.078e+03  1.918e+01 
1.078e+03 1.101e+03  1.472e+01 
1.101e+03 1.124e+03  1.917e+01 
1.124e+03 1.148e+03  1.866e+01 
1.148e+03 1.173e+03  1.866e+01 
1.173e+03 1.198e+03  1.799e+01 
1.198e+03 1.223e+03  1.683e+01 
1.223e+03 1.249e+03  1.740e+01 
1.249e+03 1.276e+03  1.643e+01 
1.276e+03 1.303e+03  1.617e+01 
1.303e+03 1.331e+03  1.637e+01 
1.331e+03 1.359e+03  1.544e+01 
1.359e+03 1.388e+03  1.556e+01 
1.388e+03 1.418e+03  1.504e+01 
1.418e+03 1.448e+03  1.516e+01 
1.448e+03 1.479e+03  1.515e+01 
1.479e+03 1.511e+03  1.400e+01 
1.511e+03 1.543e+03  1.405e+01 
1.543e+03 1.576e+03  1.328e+01 
1.576e+03 1.609e+03  1.341e+01 
1.609e+03 1.644e+03  1.302e+01 
1.644e+03 1.679e+03  1.264e+01 
1.679e+03 1.715e+03  1.252e+01 
1.715e+03 1.751e+03  1.284e+01 
1.751e+03 1.789e+03  1.262e+01 
1.789e+03 1.827e+03  1.213e+01 
1.827e+03 1.866e+03  1.193e+01 
1.866e+03 1.905e+03  1.181e+01 
1.905e+03 1.946e+03  1.096e+01 
1.946e+03 1.988e+03  1.051e+01 
1.988e+03 2.030e+03  1.050e+01 
2.030e+03 2.073e+03  1.054e+01 
2.073e+03 2.118e+03  1.023e+01 
2.118e+03 2.163e+03  9.939e+00 
2.163e+03 2.209e+03  9.650e+00 
2.209e+03 2.256e+03  9.319e+00 
2.256e+03 2.304e+03  8.983e+00 
2.304e+03 2.353e+03  8.527e+00 
2.353e+03 2.403e+03  8.369e+00 
2.403e+03 2.455e+03  8.315e+00 
2.455e+03 2.507e+03  8.382e+00 
2.507e+03 2.561e+03  8.105e+00 
2.561e+03 2.615e+03  8.182e+00 
2.615e+03 2.671e+03  8.015e+00 
2.671e+03 2.728e+03  7.866e+00 
2.728e+03 2.786e+03  7.753e+00 
2.786e+03 2.846e+03  7.700e+00 
2.846e+03 2.906e+03  7.590e+00 
2.906e+03 2.968e+03  7.583e+00 
2.968e+03 3.032e+03  7.456e+00 
3.032e+03 3.096e+03  7.616e+00 
3.096e+03 3.162e+03  7.074e+00 
3.162e+03 3.230e+03  6.691e+00 
3.230e+03 3.299e+03  6.994e+00 
3.299e+03 3.369e+03  6.798e+00 
3.369e+03 3.441e+03  6.697e+00 
3.441e+03 3.514e+03  6.364e+00 
3.514e+03 3.589e+03  6.247e+00 
3.589e+03 3.666e+03  6.239e+00 
3.666e+03 3.744e+03  6.031e+00 
3.744e+03 3.824e+03  6.072e+00 
3.824e+03 3.905e+03  6.009e+00 
3.905e+03 3.989e+03  5.774e+00 
3.989e+03 4.074e+03  5.715e+00 
4.074e+03 4.161e+03  5.495e+00 
4.161e+03 4.249e+03  5.419e+00 
4.249e+03 4.340e+03  5.313e+00 
4.340e+03 4.433e+03  5.395e+00 
4.433e+03 4.527e+03  5.112e+00 
4.527e+03 4.624e+03  5.080e+00 
4.624e+03 4.722e+03  4.926e+00 
4.722e+03 4.823e+03  4.989e+00 
4.823e+03 4.926e+03  4.846e+00 
4.926e+03 5.031e+03  4.845e+00 
5.031e+03 5.138e+03  4.717e+00 
5.138e+03 5.248e+03  4.645e+00 
5.248e+03 5.360e+03  4.608e+00 
5.360e+03 5.474e+03  4.292e+00 
5.474e+03 5.591e+03  4.390e+00 
5.591e+03 5.710e+03  4.400e+00 
5.710e+03 5.832e+03  4.054e+00 
5.832e+03 5.957e+03  2.548e+00 
5.957e+03 6.084e+03  3.830e+00 
6.084e+03 6.213e+03  3.734e+00 
6.213e+03 6.346e+03  3.849e+00 
6.346e+03 6.481e+03  3.717e+00 
6.481e+03 6.620e+03  3.687e+00 
6.620e+03 6.761e+03  3.685e+00 
6.761e+03 6.905e+03  3.491e+00 
6.905e+03 7.052e+03  3.424e+00 
7.052e+03 7.203e+03  3.308e+00 
7.203e+03 7.356e+03  3.343e+00 
7.356e+03 7.513e+03  3.270e+00 
7.513e+03 7.674e+03  3.214e+00 
7.674e+03 7.837e+03  3.190e+00 
7.837e+03 8.004e+03  3.085e+00 
8.004e+03 8.175e+03  3.018e+00 
8.175e+03 8.350e+03  2.976e+00 
8.350e+03 8.528e+03  2.947e+00 
8.528e+03 8.710e+03  2.828e+00 
8.710e+03 8.895e+03  2.744e+00 
8.895e+03 9.085e+03  2.759e+00 
9.085e+03 9.279e+03  2.727e+00 
9.279e+03 9.477e+03  2.576e+00 
9.477e+03 9.679e+03  2.650e+00 
9.679e+03 9.886e+03  2.558e+00 
9.886e+03 1.010e+04  2.525e+00 
1.010e+04 1.031e+04  2.472e+00 
1.031e+04 1.053e+04  2.419e+00 
1.053e+04 1.076e+04  2.408e+00 
1.076e+04 1.099e+04  2.336e+00 
1.099e+04 1.122e+04  2.356e+00 
1.122e+04 1.146e+04  2.238e+00 
1.146e+04 1.170e+04  2.174e+00 
1.170e+04 1.195e+04  2.213e+00 
1.195e+04 1.221e+04  2.175e+00 
1.221e+04 1.247e+04  2.087e+00 
1.247e+04 1.274e+04  2.065e+00 
1.274e+04 1.301e+04  2.019e+00 
1.301e+04 1.328e+04  1.998e+00 
1.328e+04 1.357e+04  1.948e+00 
1.357e+04 1.386e+04  1.950e+00 
1.386e+04 1.415e+04  1.922e+00 
1.415e+04 1.445e+04  1.867e+00 
1.445e+04 1.476e+04  1.802e+00 
1.476e+04 1.508e+04  1.766e+00 
1.508e+04 1.540e+04  1.771e+00 
1.540e+04 1.573e+04  1.710e+00 
1.573e+04 1.606e+04  1.692e+00 
1.606e+04 1.641e+04  1.666e+00 
1.641e+04 1.676e+04  1.657e+00 
1.676e+04 1.711e+04  1.657e+00 
1.711e+04 1.748e+04  1.611e+00 
1.748e+04 1.785e+04  1.555e+00 
1.785e+04 1.823e+04  1.529e+00 
1.823e+04 1.862e+04  1.546e+00 
1.862e+04 1.902e+04  1.497e+00 
1.902e+04 1.942e+04  1.484e+00 
1.942e+04 1.984e+04  1.405e+00 
1.984e+04 2.026e+04  1.431e+00 
2.026e+04 2.069e+04  1.425e+00 
2.069e+04 2.113e+04  1.356e+00 
2.113e+04 2.159e+04  1.326e+00 
2.159e+04 2.205e+04  1.369e+00 
2.205e+04 2.252e+04  1.313e+00 
2.252e+04 2.300e+04  1.339e+00 
2.300e+04 2.349e+04  1.295e+00 
2.349e+04 2.399e+04  1.294e+00 
2.399e+04 2.450e+04  1.262e+00 
2.450e+04 2.502e+04  1.253e+00 
2.502e+04 2.556e+04  1.217e+00 
2.556e+04 2.610e+04  1.230e+00 
2.610e+04 2.666e+04  1.193e+00 
2.666e+04 2.723e+04  1.190e+00 
2.723e+04 2.781e+04  1.163e+00 
2.781e+04 2.840e+04  1.168e+00 
2.840e+04 2.901e+04  1.236e+00 
2.901e+04 2.963e+04  1.215e+00 
2.963e+04 3.026e+04  1.206e+00 
3.026e+04 3.090e+04  1.154e+00 
3.090e+04 3.156e+04  1.072e+00 
3.156e+04 3.224e+04  9.269e-01 
3.224e+04 3.292e+04  7.501e-01 
3.292e+04 3.363e+04  5.458e-01 
3.363e+04 3.434e+04  3.479e-01 
3.434e+04 3.508e+04  2.610e-01 
3.508e+04 3.582e+04  2.923e-01 
3.582e+04 3.659e+04  3.761e-01 
3.659e+04 3.737e+04  4.806e-01 
3.737e+04 3.817e+04  5.208e-01 
3.817e+04 3.898e+04  6.011e-01 
3.898e+04 3.981e+04  6.084e-01 
3.981e+04 4.066e+04  6.575e-01 
4.066e+04 4.153e+04  6.594e-01 
4.153e+04 4.241e+04  6.558e-01 
4.241e+04 4.332e+04  6.859e-01 
4.332e+04 4.424e+04  6.807e-01 
4.424e+04 4.519e+04  6.794e-01 
4.519e+04 4.615e+04  6.856e-01 
4.615e+04 4.713e+04  6.785e-01 
4.713e+04 4.814e+04  6.942e-01 
4.814e+04 4.917e+04  6.843e-01 
4.917e+04 5.022e+04  6.700e-01 
5.022e+04 5.129e+04  6.703e-01 
5.129e+04 5.238e+04  6.431e-01 
5.238e+04 5.350e+04  6.624e-01 
5.350e+04 5.464e+04  6.443e-01 
5.464e+04 5.580e+04  6.395e-01 
5.580e+04 5.699e+04  6.392e-01 
5.699e+04 5.821e+04  6.471e-01 
5.821e+04 5.945e+04  6.415e-01 
5.945e+04 6.072e+04  6.195e-01 
6.072e+04 6.202e+04  6.383e-01 
6.202e+04 6.334e+04  6.299e-01 
6.334e+04 6.469e+04  6.301e-01 
6.469e+04 6.607e+04  6.149e-01 
6.607e+04 6.748e+04  6.319e-01 
6.748e+04 6.892e+04  6.417e-01 
6.892e+04 7.039e+04  6.175e-01 
7.039e+04 7.189e+04  6.286e-01 
7.189e+04 7.342e+04  6.267e-01 
7.342e+04 7.499e+04  5.855e-01 
7.499e+04 7.659e+04  5.652e-01 
7.659e+04 7.822e+04  5.191e-01 
7.822e+04 7.989e+04  4.652e-01 
7.989e+04 8.160e+04  3.965e-01 
8.160e+04 8.334e+04  3.190e-01 
8.334e+04 8.511e+04  2.660e-01 
8.511e+04 8.693e+04  2.357e-01 
8.693e+04 8.878e+04  2.250e-01 
8.878e+04 9.068e+04  2.571e-01 
9.068e+04 9.261e+04  2.907e-01 
9.261e+04 9.459e+04  3.216e-01 
9.459e+04 9.661e+04  3.611e-01 
9.661e+04 9.867e+04  3.832e-01 
9.867e+04 1.008e+05  4.016e-01 
1.008e+05 1.029e+05  4.093e-01 
1.029e+05 1.051e+05  4.272e-01 
1.051e+05 1.074e+05  4.450e-01 
1.074e+05 1.096e+05  4.352e-01 
1.096e+05 1.120e+05  4.499e-01 
1.120e+05 1.144e+05  4.523e-01 
1.144e+05 1.168e+05  4.021e-01 
1.168e+05 1.193e+05  2.771e-01 
1.193e+05 1.219e+05  3.372e-01 
1.219e+05 1.245e+05  4.630e-01 
1.245e+05 1.271e+05  4.876e-01 
1.271e+05 1.298e+05  4.978e-01 
1.298e+05 1.326e+05  4.844e-01 
1.326e+05 1.354e+05  4.348e-01 
1.354e+05 1.383e+05  3.663e-01 
1.383e+05 1.413e+05  3.031e-01 
1.413e+05 1.443e+05  2.652e-01 
1.443e+05 1.473e+05  2.602e-01 
1.473e+05 1.505e+05  2.643e-01 
1.505e+05 1.537e+05  2.697e-01 
1.537e+05 1.570e+05  2.372e-01 
1.570e+05 1.603e+05  2.131e-01 
1.603e+05 1.637e+05  2.897e-01 
1.637e+05 1.672e+05  3.033e-01 
1.672e+05 1.708e+05  3.183e-01 
1.708e+05 1.744e+05  3.297e-01 
1.744e+05 1.782e+05  3.311e-01 
1.782e+05 1.820e+05  3.441e-01 
1.820e+05 1.859e+05  3.542e-01 
1.859e+05 1.898e+05  3.509e-01 
1.898e+05 1.939e+05  3.607e-01 
1.939e+05 1.980e+05  3.287e-01 
1.980e+05 2.022e+05  2.819e-01 
2.022e+05 2.065e+05  2.570e-01 
2.065e+05 2.109e+05  2.617e-01 
2.109e+05 2.154e+05  2.907e-01 
2.154e+05 2.200e+05  2.978e-01 
2.200e+05 2.247e+05  2.722e-01 
2.247e+05 2.295e+05  3.101e-01 
2.295e+05 2.344e+05  3.163e-01 
2.344e+05 2.394e+05  3.276e-01 
2.394e+05 2.445e+05  3.319e-01 
2.445e+05 2.497e+05  3.379e-01 
2.497e+05 2.551e+05  3.450e-01 
2.551e+05 2.605e+05  3.380e-01 
2.605e+05 2.661e+05  3.599e-01 
2.661e+05 2.717e+05  3.644e-01 
2.717e+05 2.775e+05  2.948e-01 
2.775e+05 2.835e+05  2.473e-01 
2.835e+05 2.895e+05  2.558e-01 
2.895e+05 2.957e+05  2.750e-01 
2.957e+05 3.020e+05  2.819e-01 
3.020e+05 3.084e+05  2.746e-01 
3.084e+05 3.150e+05  2.486e-01 
3.150e+05 3.217e+05  2.883e-01 
3.217e+05 3.286e+05  3.067e-01 
3.286e+05 3.356e+05  3.116e-01 
3.356e+05 3.428e+05  3.221e-01 
3.428e+05 3.501e+05  2.841e-01 
3.501e+05 3.575e+05  2.795e-01 
3.575e+05 3.652e+05  2.177e-01 
3.652e+05 3.730e+05  2.400e-01 
3.730e+05 3.809e+05  3.196e-01 
3.809e+05 3.890e+05  2.499e-01 
3.890e+05 3.973e+05  2.691e-01 
3.973e+05 4.058e+05  2.376e-01 
4.058e+05 4.145e+05  1.963e-01 
4.145e+05 4.233e+05  1.697e-01 
4.233e+05 4.323e+05  1.569e-01 
4.323e+05 4.416e+05  1.675e-01 
4.416e+05 4.510e+05  1.917e-01 
4.510e+05 4.606e+05  2.237e-01 
4.606e+05 4.704e+05  2.403e-01 
4.704e+05 4.805e+05  2.756e-01 
4.805e+05 4.907e+05  2.900e-01 
4.907e+05 5.012e+05  3.206e-01 
5.012e+05 5.119e+05  3.286e-01 
5.119e+05 5.228e+05  2.422e-01 
5.228e+05 5.339e+05  2.421e-01 
5.339e+05 5.453e+05  2.778e-01 
5.453e+05 5.570e+05  2.777e-01 
5.570e+05 5.689e+05  2.351e-01 
5.689e+05 5.810e+05  2.675e-01 
5.810e+05 5.934e+05  2.681e-01 
5.934e+05 6.060e+05  2.864e-01 
6.060e+05 6.190e+05  2.529e-01 
6.190e+05 6.322e+05  2.435e-01 
6.322e+05 6.457e+05  2.192e-01 
6.457e+05 6.594e+05  2.458e-01 
6.594e+05 6.735e+05  2.672e-01 
6.735e+05 6.879e+05  2.644e-01 
6.879e+05 7.025e+05  2.451e-01 
7.025e+05 7.175e+05  2.295e-01 
7.175e+05 7.328e+05  2.401e-01 
7.328e+05 7.485e+05  2.453e-01 
7.485e+05 7.644e+05  2.185e-01 
7.644e+05 7.807e+05  1.947e-01 
7.807e+05 7.974e+05  1.914e-01 
7.974e+05 8.144e+05  1.691e-01 
8.144e+05 8.318e+05  1.825e-01 
8.318e+05 8.495e+05  1.637e-01 
8.495e+05 8.676e+05  1.790e-01 
8.676e+05 8.861e+05  1.802e-01 
8.861e+05 9.050e+05  1.984e-01 
9.050e+05 9.243e+05  1.844e-01 
9.243e+05 9.441e+05  1.624e-01 
9.441e+05 9.642e+05  1.537e-01 
9.642e+05 9.848e+05  1.285e-01 
9.848e+05 1.006e+06  1.406e-01 
1.006e+06 1.027e+06  1.310e-01 
1.027e+06 1.049e+06  1.387e-01 
1.049e+06 1.072e+06  1.712e-01 
1.072e+06 1.094e+06  1.595e-01 
1.094e+06 1.118e+06  1.407e-01 
1.118e+06 1.142e+06  1.455e-01 
1.142e+06 1.166e+06  1.286e-01 
1.166e+06 1.191e+06  1.450e-01 
1.191e+06 1.216e+06  1.648e-01 
1.216e+06 1.242e+06  1.336e-01 
1.242e+06 1.269e+06  1.397e-01 
1.269e+06 1.296e+06  1.193e-01 
1.296e+06 1.323e+06  1.144e-01 
1.323e+06 1.352e+06  1.311e-01 
1.352e+06 1.380e+06  1.170e-01 
1.380e+06 1.410e+06  1.244e-01 
1.410e+06 1.440e+06  1.154e-01 
1.440e+06 1.471e+06  1.145e-01 
1.471e+06 1.502e+06  1.202e-01 
1.502e+06 1.534e+06  1.103e-01 
1.534e+06 1.567e+06  1.140e-01 
1.567e+06 1.600e+06  1.101e-01 
1.600e+06 1.634e+06  1.208e-01 
1.634e+06 1.669e+06  9.672e-02 
1.669e+06 1.705e+06  8.936e-02 
1.705e+06 1.741e+06  7.512e-02 
1.741e+06 1.778e+06  9.777e-02 
1.778e+06 1.816e+06  8.893e-02 
1.816e+06 1.855e+06  9.126e-02 
1.855e+06 1.895e+06  8.166e-02 
1.895e+06 1.935e+06  7.526e-02 
1.935e+06 1.976e+06  8.162e-02 
1.976e+06 2.018e+06  7.036e-02 
2.018e+06 2.061e+06  6.716e-02 
2.061e+06 2.105e+06  6.612e-02 
2.105e+06 2.150e+06  6.572e-02 
2.150e+06 2.196e+06  6.210e-02 
2.196e+06 2.243e+06  6.334e-02 
2.243e+06 2.291e+06  5.948e-02 
2.291e+06 2.340e+06  5.651e-02 
2.340e+06 2.390e+06  5.925e-02 
2.390e+06 2.441e+06  5.422e-02 
2.441e+06 2.493e+06  4.922e-02 
2.493e+06 2.546e+06  4.381e-02 
2.546e+06 2.600e+06  4.281e-02 
2.600e+06 2.656e+06  3.759e-02 
2.656e+06 2.712e+06  3.896e-02 
2.712e+06 2.770e+06  3.200e-02 
2.770e+06 2.829e+06  3.567e-02 
2.829e+06 2.890e+06  3.249e-02 
2.890e+06 2.951e+06  2.959e-02 
2.951e+06 3.014e+06  2.654e-02 
3.014e+06 3.078e+06  2.749e-02 
3.078e+06 3.144e+06  2.501e-02 
3.144e+06 3.211e+06  2.267e-02 
3.211e+06 3.280e+06  2.010e-02 
3.280e+06 3.350e+06  1.865e-02 
3.350e+06 3.421e+06  1.930e-02 
3.421e+06 3.494e+06  1.798e-02 
3.494e+06 3.569e+06  1.676e-02 
3.569e+06 3.645e+06  1.532e-02 
3.645e+06 3.722e+06  1.488e-02 
3.722e+06 3.802e+06  1.340e-02 
3.802e+06 3.883e+06  1.403e-02 
3.883e+06 3.966e+06  1.342e-02 
3.966e+06 4.050e+06  1.291e-02 
4.050e+06 4.137e+06  1.254e-02 
4.137e+06 4.225e+06  1.147e-02 
4.225e+06 4.315e+06  1.098e-02 
4.315e+06 4.407e+06  9.812e-03 
4.407e+06 4.501e+06  9.960e-03 
4.501e+06 4.597e+06  9.756e-03 
4.597e+06 4.695e+06  9.293e-03 
4.695e+06 4.795e+06  8.976e-03 
4.795e+06 4.898e+06  8.400e-03 
4.898e+06 5.002e+06  8.110e-03 
5.002e+06 5.109e+06  7.441e-03 
5.109e+06 5.218e+06  7.510e-03 
5.218e+06 5.329e+06  7.318e-03 
5.329e+06 5.443e+06  6.847e-03 
5.443e+06 5.559e+06  6.894e-03 
5.559e+06 5.678e+06  6.116e-03 
5.678e+06 5.799e+06  6.271e-03 
5.799e+06 5.922e+06  5.974e-03 
5.922e+06 6.049e+06  5.915e-03 
6.049e+06 6.178e+06  5.729e-03 
6.178e+06 6.310e+06  5.597e-03 
6.310e+06 6.444e+06  5.316e-03 
6.444e+06 6.582e+06  5.322e-03 
6.582e+06 6.722e+06  4.840e-03 
6.722e+06 6.865e+06  4.754e-03 
6.865e+06 7.012e+06  4.484e-03 
7.012e+06 7.161e+06  4.358e-03 
7.161e+06 7.314e+06  4.215e-03 
7.314e+06 7.470e+06  4.258e-03 
7.470e+06 7.630e+06  3.984e-03 
7.630e+06 7.792e+06  3.780e-03 
7.792e+06 7.959e+06  3.637e-03 
7.959e+06 8.128e+06  3.716e-03 
8.128e+06 8.302e+06  3.318e-03 
8.302e+06 8.479e+06  3.274e-03 
8.479e+06 8.660e+06  3.156e-03 
8.660e+06 8.844e+06  2.950e-03 
8.844e+06 9.033e+06  2.973e-03 
9.033e+06 9.226e+06  2.904e-03 
9.226e+06 9.423e+06  2.862e-03 
9.423e+06 9.624e+06  2.670e-03 
9.624e+06 9.829e+06  2.538e-03 
9.829e+06 1.004e+07  2.480e-03 
1.004e+07 1.025e+07  2.398e-03 
1.025e+07 1.047e+07  2.313e-03 
1.047e+07 1.069e+07  2.266e-03 
1.069e+07 1.092e+07  2.283e-03 
1.092e+07 1.116e+07  2.101e-03 
1.116e+07 1.139e+07  1.975e-03 
1.139e+07 1.164e+07  1.944e-03 
1.164e+07 1.188e+07  1.956e-03 
1.188e+07 1.214e+07  1.854e-03 
1.214e+07 1.240e+07  1.810e-03 
1.240e+07 1.266e+07  1.774e-03 
1.266e+07 1.293e+07  1.698e-03 
1.293e+07 1.321e+07  1.620e-03 
1.321e+07 1.349e+07  1.610e-03 
1.349e+07 1.378e+07  1.543e-03 
1.378e+07 1.407e+07  1.506e-03 
1.407e+07 1.437e+07  1.413e-03 
1.437e+07 1.468e+07  1.395e-03 
1.468e+07 1.499e+07  1.385e-03 
1.499e+07 1.531e+07  1.349e-03 
1.531e+07 1.564e+07  1.299e-03 
1.564e+07 1.597e+07  1.268e-03 
1.597e+07 1.631e+07  1.206e-03 
1.631e+07 1.666e+07  1.207e-03 
1.666e+07 1.702e+07  1.173e-03 
1.702e+07 1.738e+07  1.147e-03 
1.738e+07 1.775e+07  1.082e-03 
1.775e+07 1.813e+07  1.071e-03 
1.813e+07 1.851e+07  1.028e-03 
1.851e+07 1.891e+07  1.042e-03 
1.891e+07 1.931e+07  9.911e-04 
1.931e+07 1.972e+07  9.906e-04 
1.972e+07 2.014e+07  9.600e-04 
2.014e+07 2.057e+07  9.087e-04 
2.057e+07 2.101e+07  9.087e-04 
2.101e+07 2.146e+07  8.691e-04 
2.146e+07 2.192e+07  8.274e-04 
2.192e+07 2.239e+07  8.116e-04 
2.239e+07 2.286e+07  7.877e-04 
2.286e+07 2.335e+07  7.798e-04 
2.335e+07 2.385e+07  7.577e-04 
2.385e+07 2.436e+07  7.366e-04 
2.436e+07 2.488e+07  7.317e-04 
2.488e+07 2.541e+07  7.214e-04 
2.541e+07 2.595e+07  6.962e-04 
2.595e+07 2.651e+07  7.005e-04 
2.651e+07 2.707e+07  6.608e-04 
2.707e+07 2.765e+07  6.605e-04 
2.765e+07 2.824e+07  6.341e-04 
2.824e+07 2.884e+07  6.321e-04 
2.884e+07 2.946e+07  6.208e-04 
2.946e+07 3.008e+07  6.165e-04 
3.008e+07 3.073e+07  6.105e-04 
3.073e+07 3.138e+07  5.922e-04 
3.138e+07 3.205e+07  5.690e-04 
3.205e+07 3.273e+07  5.625e-04 
3.273e+07 3.343e+07  5.619e-04 
3.343e+07 3.415e+07  5.600e-04 
3.415e+07 3.487e+07  5.334e-04 
3.487e+07 3.562e+07  5.533e-04 
3.562e+07 3.638e+07  5.408e-04 
3.638e+07 3.715e+07  5.263e-04 
3.715e+07 3.795e+07  5.339e-04 
3.795e+07 3.876e+07  5.304e-04 
3.876e+07 3.958e+07  5.100e-04 
3.958e+07 4.043e+07  5.246e-04 
4.043e+07 4.129e+07  5.162e-04 
4.129e+07 4.217e+07  5.179e-04 
4.217e+07 4.307e+07  5.174e-04 
4.307e+07 4.399e+07  5.073e-04 
4.399e+07 4.493e+07  5.077e-04 
4.493e+07 4.588e+07  5.166e-04 
4.588e+07 4.686e+07  4.982e-04 
4.686e+07 4.786e+07  4.930e-04 
4.786e+07 4.888e+07  5.012e-04 
4.888e+07 4.993e+07  4.990e-04 
4.993e+07 5.099e+07  4.948e-04 
5.099e+07 5.208e+07  4.823e-04 
5.208e+07 5.319e+07  4.957e-04 
5.319e+07 5.432e+07  4.892e-04 
5.432e+07 5.548e+07  4.974e-04 
5.548e+07 5.667e+07  4.736e-04 
5.667e+07 5.788e+07  4.700e-04 
5.788e+07 5.911e+07  4.558e-04 
5.911e+07 6.037e+07  4.522e-04 
6.037e+07 6.166e+07  4.391e-04 
6.166e+07 6.297e+07  4.347e-04 
6.297e+07 6.432e+07  4.228e-04 
6.432e+07 6.569e+07  4.225e-04 
6.569e+07 6.709e+07  4.147e-04 
6.709e+07 6.852e+07  4.103e-04 
6.852e+07 6.998e+07  3.993e-04 
6.998e+07 7.148e+07  3.879e-04 
7.148e+07 7.300e+07  3.853e-04 
7.300e+07 7.456e+07  3.841e-04 
7.456e+07 7.615e+07  3.741e-04 
7.615e+07 7.777e+07  3.649e-04 
7.777e+07 7.943e+07  3.558e-04 
7.943e+07 8.113e+07  3.496e-04 
8.113e+07 8.286e+07  3.463e-04 
8.286e+07 8.463e+07  3.449e-04 
8.463e+07 8.643e+07  3.277e-04 
8.643e+07 8.827e+07  3.249e-04 
8.827e+07 9.016e+07  3.226e-04 
9.016e+07 9.208e+07  3.180e-04 
9.208e+07 9.404e+07  3.131e-04 
9.404e+07 9.605e+07  3.000e-04 
9.605e+07 9.810e+07  2.914e-04 
9.810e+07 1.002e+08  2.910e-04 
1.002e+08 1.023e+08  2.863e-04 
1.023e+08 1.045e+08  2.841e-04 
1.045e+08 1.067e+08  2.735e-04 
1.067e+08 1.090e+08  2.675e-04 
1.090e+08 1.113e+08  2.675e-04 
1.113e+08 1.137e+08  2.639e-04 
1.137e+08 1.161e+08  2.557e-04 
1.161e+08 1.186e+08  2.620e-04 
1.186e+08 1.212e+08  2.568e-04 
1.212e+08 1.237e+08  2.502e-04 
1.237e+08 1.264e+08  2.453e-04 
1.264e+08 1.291e+08  2.443e-04 
1.291e+08 1.318e+08  2.372e-04 
1.318e+08 1.346e+08  2.289e-04 
1.346e+08 1.375e+08  2.319e-04 
1.375e+08 1.404e+08  2.270e-04 
1.404e+08 1.434e+08  2.252e-04 
1.434e+08 1.465e+08  2.161e-04 
1.465e+08 1.496e+08  2.065e-04 
1.496e+08 1.528e+08  2.030e-04 
1.528e+08 1.561e+08  1.980e-04 
1.561e+08 1.594e+08  1.900e-04 
1.594e+08 1.628e+08  1.883e-04 
1.628e+08 1.663e+08  1.812e-04 
1.663e+08 1.698e+08  1.802e-04 
1.698e+08 1.734e+08  1.762e-04 
1.734e+08 1.771e+08  1.695e-04 
1.771e+08 1.809e+08  1.700e-04 
1.809e+08 1.848e+08  1.651e-04 
1.848e+08 1.887e+08  1.616e-04 
1.887e+08 1.928e+08  1.567e-04 
1.928e+08 1.969e+08  1.547e-04 
1.969e+08 2.011e+08  1.528e-04 
2.011e+08 2.054e+08  1.456e-04 
2.054e+08 2.097e+08  1.402e-04 
2.097e+08 2.142e+08  1.380e-04 
2.142e+08 2.188e+08  1.324e-04 
2.188e+08 2.234e+08  1.304e-04 
2.234e+08 2.282e+08  1.225e-04 
2.282e+08 2.331e+08  1.221e-04 
2.331e+08 2.380e+08  1.179e-04 
2.380e+08 2.431e+08  1.161e-04 
2.431e+08 2.483e+08  1.129e-04 
2.483e+08 2.536e+08  1.104e-04 
2.536e+08 2.590e+08  1.094e-04 
2.590e+08 2.645e+08  1.052e-04 
2.645e+08 2.702e+08  1.023e-04 
2.702e+08 2.760e+08  1.004e-04 
2.760e+08 2.818e+08  9.656e-05 
2.818e+08 2.878e+08  9.143e-05 
2.878e+08 2.940e+08  9.045e-05 
2.940e+08 3.003e+08  8.907e-05 
3.003e+08 3.067e+08  8.559e-05 
3.067e+08 3.132e+08  8.228e-05 
3.132e+08 3.199e+08  8.255e-05 
3.199e+08 3.267e+08  7.630e-05 
3.267e+08 3.337e+08  7.496e-05 
3.337e+08 3.408e+08  7.299e-05 
3.408e+08 3.481e+08  7.061e-05 
3.481e+08 3.555e+08  6.833e-05 
3.555e+08 3.631e+08  6.550e-05 
3.631e+08 3.708e+08  6.419e-05 
3.708e+08 3.787e+08  6.210e-05 
3.787e+08 3.868e+08  6.083e-05 
3.868e+08 3.951e+08  5.799e-05 
3.951e+08 4.035e+08  5.829e-05 
4.035e+08 4.121e+08  5.364e-05 
4.121e+08 4.209e+08  5.337e-05 
4.209e+08 4.299e+08  5.235e-05 
4.299e+08 4.390e+08  5.120e-05 
4.390e+08 4.484e+08  5.049e-05 
4.484e+08 4.580e+08  4.775e-05 
4.580e+08 4.677e+08  4.706e-05 
4.677e+08 4.777e+08  4.544e-05 
4.777e+08 4.879e+08  4.500e-05 
4.879e+08 4.983e+08  4.163e-05 
4.983e+08 5.089e+08  4.243e-05 
5.089e+08 5.198e+08  4.017e-05 
5.198e+08 5.309e+08  3.945e-05 
5.309e+08 5.422e+08  3.903e-05 
5.422e+08 5.538e+08  3.751e-05 
5.538e+08 5.656e+08  3.702e-05 
5.656e+08 5.777e+08  3.476e-05 
5.777e+08 5.900e+08  3.507e-05 
5.900e+08 6.026e+08  3.362e-05 
6.026e+08 6.154e+08  3.322e-05 
6.154e+08 6.285e+08  3.261e-05 
6.285e+08 6.419e+08  3.136e-05 
6.419e+08 6.556e+08  3.091e-05 
6.556e+08 6.696e+08  2.927e-05 
6.696e+08 6.839e+08  2.902e-05 
6.839e+08 6.985e+08  2.819e-05 
6.985e+08 7.134e+08  2.770e-05 
7.134e+08 7.286e+08  2.695e-05 
7.286e+08 7.442e+08  2.669e-05 
7.442e+08 7.600e+08  2.595e-05 
7.600e+08 7.762e+08  2.477e-05 
7.762e+08 7.928e+08  2.419e-05 
7.928e+08 8.097e+08  2.332e-05 
8.097e+08 8.270e+08  2.332e-05 
8.270e+08 8.446e+08  2.246e-05 
8.446e+08 8.626e+08  2.207e-05 
8.626e+08 8.810e+08  2.137e-05 
8.810e+08 8.998e+08  2.110e-05 
8.998e+08 9.190e+08  2.019e-05 
9.190e+08 9.386e+08  2.004e-05 
9.386e+08 9.587e+08  1.951e-05 
9.587e+08 9.791e+08  1.866e-05 
9.791e+08 1.000e+09  0.000e+00 
