#flux integrated over beam size     
#  Elow[eV]     Eup[eV]   n/eV/7E12p
1.258930e-03 1.288254e-03  8.413419e+04
1.288254e-03 1.318262e-03  9.429344e+04
1.318262e-03 1.348968e-03  1.042274e+05
1.348968e-03 1.380389e-03  1.139332e+05
1.380389e-03 1.412543e-03  1.234130e+05
1.412543e-03 1.445445e-03  1.197060e+05
1.445445e-03 1.479114e-03  1.025595e+05
1.479114e-03 1.513567e-03  8.498628e+04
1.513567e-03 1.548822e-03  6.781325e+04
1.548822e-03 1.584899e-03  5.102884e+04
1.584899e-03 1.621816e-03  6.046261e+04
1.621816e-03 1.659593e-03  9.490267e+04
1.659593e-03 1.698250e-03  5.842733e+04
1.698250e-03 1.737807e-03  8.380251e+04
1.737807e-03 1.778286e-03  8.718313e+04
1.778286e-03 1.819707e-03  1.619253e+04
1.819707e-03 1.862094e-03  4.051732e+04
1.862094e-03 1.905468e-03  8.892426e+04
1.905468e-03 1.949852e-03  1.168236e+05
1.949852e-03 1.995269e-03  1.251379e+05
1.995269e-03 2.041745e-03  1.332577e+05
2.041745e-03 2.089304e-03  8.418570e+04
2.089304e-03 2.137970e-03  5.687552e+04
2.137970e-03 2.187769e-03  7.982242e+04
2.187769e-03 2.238729e-03  7.789687e+04
2.238729e-03 2.290876e-03  7.601671e+04
2.290876e-03 2.344237e-03  7.418027e+04
2.344237e-03 2.398841e-03  1.221877e+05
2.398841e-03 2.454718e-03  1.221807e+05
2.454718e-03 2.511895e-03  4.578427e+04
2.511895e-03 2.570405e-03  2.424399e+04
2.570405e-03 2.630277e-03  3.894730e+04
2.630277e-03 2.691544e-03  4.197966e+04
2.691544e-03 2.754238e-03  6.014381e+04
2.754238e-03 2.818393e-03  1.755249e+05
2.818393e-03 2.884042e-03  2.486168e+05
2.884042e-03 2.951220e-03  2.126632e+05
2.951220e-03 3.019962e-03  1.775293e+05
3.019962e-03 3.090306e-03  1.100120e+05
3.090306e-03 3.162289e-03  9.631828e+04
3.162289e-03 3.235948e-03  1.266572e+05
3.235948e-03 3.311323e-03  8.018698e+04
3.311323e-03 3.388453e-03  6.616150e+04
3.388453e-03 3.467381e-03  9.557326e+04
3.467381e-03 3.548146e-03  8.934997e+04
3.548146e-03 3.630793e-03  1.329268e+05
3.630793e-03 3.715365e-03  1.606971e+05
3.715365e-03 3.801907e-03  1.170120e+05
3.801907e-03 3.890465e-03  5.808216e+04
3.890465e-03 3.981086e-03  7.311695e+04
3.981086e-03 4.073817e-03  1.504282e+05
4.073817e-03 4.168708e-03  1.141839e+05
4.168708e-03 4.265810e-03  6.410260e+04
4.265810e-03 4.365173e-03  9.034407e+04
4.365173e-03 4.466851e-03  8.469814e+04
4.466851e-03 4.570898e-03  1.092669e+05
4.570898e-03 4.677368e-03  1.397050e+05
4.677368e-03 4.786317e-03  1.845759e+05
4.786317e-03 4.897805e-03  2.223403e+05
4.897805e-03 5.011890e-03  1.418124e+05
5.011890e-03 5.128632e-03  1.250412e+05
5.128632e-03 5.248093e-03  1.311170e+05
5.248093e-03 5.370336e-03  1.123791e+05
5.370336e-03 5.495428e-03  1.497334e+05
5.495428e-03 5.623433e-03  1.540279e+05
5.623433e-03 5.754419e-03  1.473361e+05
5.754419e-03 5.888457e-03  7.838198e+04
5.888457e-03 6.025616e-03  1.102926e+05
6.025616e-03 6.165971e-03  1.471812e+05
6.165971e-03 6.309595e-03  1.206666e+05
6.309595e-03 6.456564e-03  1.862453e+05
6.456564e-03 6.606957e-03  1.628288e+05
6.606957e-03 6.760853e-03  9.186967e+04
6.760853e-03 6.918333e-03  8.499603e+04
6.918333e-03 7.079482e-03  1.749889e+05
7.079482e-03 7.244384e-03  2.432917e+05
7.244384e-03 7.413128e-03  2.538352e+05
7.413128e-03 7.585801e-03  2.037214e+05
7.585801e-03 7.762497e-03  2.305037e+05
7.762497e-03 7.943309e-03  2.711058e+05
7.943309e-03 8.128333e-03  1.459814e+05
8.128333e-03 8.317666e-03  9.684263e+04
8.317666e-03 8.511409e-03  1.527066e+05
8.511409e-03 8.709665e-03  2.534559e+05
8.709665e-03 8.912539e-03  2.686754e+05
8.912539e-03 9.120139e-03  2.619270e+05
9.120139e-03 9.332574e-03  2.506435e+05
9.332574e-03 9.549958e-03  2.076251e+05
9.549958e-03 9.772405e-03  2.242558e+05
9.772405e-03 1.000003e-02  1.980371e+05
1.000003e-02 1.023296e-02  2.029438e+05
1.023296e-02 1.047132e-02  2.440490e+05
1.047132e-02 1.071523e-02  2.726274e+05
1.071523e-02 1.096482e-02  2.750415e+05
1.096482e-02 1.122022e-02  2.683369e+05
1.122022e-02 1.148157e-02  2.763363e+05
1.148157e-02 1.174901e-02  2.605444e+05
1.174901e-02 1.202268e-02  2.365010e+05
1.202268e-02 1.230273e-02  2.281365e+05
1.230273e-02 1.258930e-02  2.971979e+05
1.258930e-02 1.288254e-02  3.066451e+05
1.288254e-02 1.318261e-02  2.611356e+05
1.318261e-02 1.348967e-02  2.802966e+05
1.348967e-02 1.380389e-02  2.829321e+05
1.380389e-02 1.412542e-02  3.064694e+05
1.412542e-02 1.445445e-02  3.392550e+05
1.445445e-02 1.479113e-02  3.414375e+05
1.479113e-02 1.513566e-02  2.968869e+05
1.513566e-02 1.548822e-02  3.260290e+05
1.548822e-02 1.584898e-02  3.363309e+05
1.584898e-02 1.621815e-02  2.839666e+05
1.621815e-02 1.659592e-02  3.596492e+05
1.659592e-02 1.698249e-02  3.980639e+05
1.698249e-02 1.737807e-02  3.637963e+05
1.737807e-02 1.778285e-02  3.282480e+05
1.778285e-02 1.819707e-02  3.814773e+05
1.819707e-02 1.862093e-02  3.867706e+05
1.862093e-02 1.905467e-02  3.973292e+05
1.905467e-02 1.949851e-02  4.811764e+05
1.949851e-02 1.995269e-02  4.300813e+05
1.995269e-02 2.041745e-02  3.734310e+05
2.041745e-02 2.089303e-02  4.350735e+05
2.089303e-02 2.137969e-02  4.900137e+05
2.137969e-02 2.187769e-02  5.095404e+05
2.187769e-02 2.238728e-02  5.304549e+05
2.238728e-02 2.290875e-02  4.551046e+05
2.290875e-02 2.344236e-02  4.310163e+05
2.344236e-02 2.398841e-02  4.969006e+05
2.398841e-02 2.454717e-02  5.053295e+05
2.454717e-02 2.511895e-02  5.294556e+05
2.511895e-02 2.570404e-02  4.792176e+05
2.570404e-02 2.630276e-02  4.437469e+05
2.630276e-02 2.691543e-02  4.934263e+05
2.691543e-02 2.754238e-02  5.402365e+05
2.754238e-02 2.818392e-02  5.170250e+05
2.818392e-02 2.884041e-02  4.975752e+05
2.884041e-02 2.951219e-02  5.568184e+05
2.951219e-02 3.019961e-02  5.607819e+05
3.019961e-02 3.090305e-02  5.295364e+05
3.090305e-02 3.162288e-02  4.943359e+05
3.162288e-02 3.235947e-02  5.293172e+05
3.235947e-02 3.311322e-02  5.599780e+05
3.311322e-02 3.388452e-02  5.448599e+05
3.388452e-02 3.467380e-02  5.417764e+05
3.467380e-02 3.548145e-02  5.583884e+05
3.548145e-02 3.630792e-02  5.827195e+05
3.630792e-02 3.715364e-02  5.394491e+05
3.715364e-02 3.801906e-02  5.791753e+05
3.801906e-02 3.890464e-02  6.165406e+05
3.890464e-02 3.981084e-02  5.592635e+05
3.981084e-02 4.073816e-02  5.531622e+05
4.073816e-02 4.168707e-02  5.966265e+05
4.168707e-02 4.265809e-02  6.208091e+05
4.265809e-02 4.365172e-02  5.867176e+05
4.365172e-02 4.466850e-02  5.502851e+05
4.466850e-02 4.570896e-02  5.371515e+05
4.570896e-02 4.677366e-02  6.133758e+05
4.677366e-02 4.786316e-02  6.340577e+05
4.786316e-02 4.897804e-02  5.857465e+05
4.897804e-02 5.011888e-02  5.625577e+05
5.011888e-02 5.128630e-02  5.372613e+05
5.128630e-02 5.248091e-02  5.455845e+05
5.248091e-02 5.370335e-02  5.533595e+05
5.370335e-02 5.495426e-02  5.333845e+05
5.495426e-02 5.623431e-02  5.180577e+05
5.623431e-02 5.754417e-02  5.246185e+05
5.754417e-02 5.888455e-02  5.740782e+05
5.888455e-02 6.025615e-02  5.759514e+05
6.025615e-02 6.165969e-02  5.172432e+05
6.165969e-02 6.309593e-02  5.770708e+05
6.309593e-02 6.456562e-02  5.748464e+05
6.456562e-02 6.606955e-02  5.088420e+05
6.606955e-02 6.760851e-02  4.972996e+05
6.760851e-02 6.918331e-02  4.925319e+05
6.918331e-02 7.079480e-02  5.091687e+05
7.079480e-02 7.244382e-02  5.083572e+05
7.244382e-02 7.413125e-02  5.244132e+05
7.413125e-02 7.585799e-02  5.526755e+05
7.585799e-02 7.762495e-02  5.354803e+05
7.762495e-02 7.943307e-02  5.219380e+05
7.943307e-02 8.128330e-02  4.811938e+05
8.128330e-02 8.317663e-02  4.271804e+05
8.317663e-02 8.511406e-02  4.448395e+05
8.511406e-02 8.709662e-02  4.772562e+05
8.709662e-02 8.912536e-02  4.745184e+05
8.912536e-02 9.120136e-02  4.607752e+05
9.120136e-02 9.332571e-02  4.746948e+05
9.332571e-02 9.549955e-02  4.623362e+05
9.549955e-02 9.772402e-02  4.581123e+05
9.772402e-02 1.000003e-01  4.461137e+05
1.000003e-01 1.023296e-01  4.268817e+05
1.023296e-01 1.047132e-01  4.472873e+05
1.047132e-01 1.071523e-01  4.315867e+05
1.071523e-01 1.096481e-01  3.882144e+05
1.096481e-01 1.122022e-01  3.890404e+05
1.122022e-01 1.148157e-01  4.043792e+05
1.148157e-01 1.174901e-01  4.193805e+05
1.174901e-01 1.202268e-01  4.162493e+05
1.202268e-01 1.230272e-01  3.850970e+05
1.230272e-01 1.258929e-01  3.891599e+05
1.258929e-01 1.288253e-01  3.806194e+05
1.288253e-01 1.318261e-01  3.615882e+05
1.318261e-01 1.348967e-01  3.548361e+05
1.348967e-01 1.380388e-01  3.513207e+05
1.380388e-01 1.412542e-01  3.441400e+05
1.412542e-01 1.445444e-01  3.230318e+05
1.445444e-01 1.479113e-01  3.340064e+05
1.479113e-01 1.513566e-01  3.589243e+05
1.513566e-01 1.548821e-01  3.541886e+05
1.548821e-01 1.584898e-01  3.364264e+05
1.584898e-01 1.621815e-01  3.254988e+05
1.621815e-01 1.659592e-01  3.210621e+05
1.659592e-01 1.698249e-01  2.994868e+05
1.698249e-01 1.737806e-01  2.991054e+05
1.737806e-01 1.778285e-01  3.131712e+05
1.778285e-01 1.819706e-01  3.063182e+05
1.819706e-01 1.862093e-01  3.049073e+05
1.862093e-01 1.905466e-01  3.000251e+05
1.905466e-01 1.949850e-01  2.764072e+05
1.949850e-01 1.995268e-01  2.689016e+05
1.995268e-01 2.041744e-01  2.817376e+05
2.041744e-01 2.089302e-01  2.658439e+05
2.089302e-01 2.137968e-01  2.620016e+05
2.137968e-01 2.187768e-01  2.658088e+05
2.187768e-01 2.238728e-01  2.597880e+05
2.238728e-01 2.290874e-01  2.650489e+05
2.290874e-01 2.344236e-01  2.609499e+05
2.344236e-01 2.398840e-01  2.476279e+05
2.398840e-01 2.454716e-01  2.356815e+05
2.454716e-01 2.511894e-01  2.376967e+05
2.511894e-01 2.570403e-01  2.367234e+05
2.570403e-01 2.630276e-01  2.310622e+05
2.630276e-01 2.691543e-01  2.429612e+05
2.691543e-01 2.754237e-01  2.297100e+05
2.754237e-01 2.818391e-01  2.205336e+05
2.818391e-01 2.884040e-01  2.241604e+05
2.884040e-01 2.951218e-01  2.082639e+05
2.951218e-01 3.019960e-01  2.189623e+05
3.019960e-01 3.090304e-01  2.259719e+05
3.090304e-01 3.162287e-01  2.198704e+05
3.162287e-01 3.235946e-01  2.143580e+05
3.235946e-01 3.311321e-01  2.006819e+05
3.311321e-01 3.388451e-01  1.960342e+05
3.388451e-01 3.467378e-01  1.883911e+05
3.467378e-01 3.548144e-01  1.873895e+05
3.548144e-01 3.630791e-01  1.960047e+05
3.630791e-01 3.715363e-01  1.869141e+05
3.715363e-01 3.801905e-01  1.799333e+05
3.801905e-01 3.890462e-01  1.815652e+05
3.890462e-01 3.981083e-01  1.752610e+05
3.981083e-01 4.073814e-01  1.798095e+05
4.073814e-01 4.168706e-01  1.870644e+05
4.168706e-01 4.265807e-01  1.862317e+05
4.265807e-01 4.365171e-01  1.823197e+05
4.365171e-01 4.466848e-01  1.734663e+05
4.466848e-01 4.570895e-01  1.650896e+05
4.570895e-01 4.677365e-01  1.642125e+05
4.677365e-01 4.786314e-01  1.647294e+05
4.786314e-01 4.897802e-01  1.643661e+05
4.897802e-01 5.011886e-01  1.632492e+05
5.011886e-01 5.128628e-01  1.594633e+05
5.128628e-01 5.248089e-01  1.539237e+05
5.248089e-01 5.370333e-01  1.476306e+05
5.370333e-01 5.495424e-01  1.524498e+05
5.495424e-01 5.623429e-01  1.509532e+05
5.623429e-01 5.754415e-01  1.398411e+05
5.754415e-01 5.888453e-01  1.414544e+05
5.888453e-01 6.025613e-01  1.473146e+05
6.025613e-01 6.165967e-01  1.363283e+05
6.165967e-01 6.309591e-01  1.317978e+05
6.309591e-01 6.456560e-01  1.353744e+05
6.456560e-01 6.606953e-01  1.308522e+05
6.606953e-01 6.760848e-01  1.276850e+05
6.760848e-01 6.918329e-01  1.278762e+05
6.918329e-01 7.079477e-01  1.298594e+05
7.079477e-01 7.244379e-01  1.251276e+05
7.244379e-01 7.413123e-01  1.227646e+05
7.413123e-01 7.585797e-01  1.172565e+05
7.585797e-01 7.762492e-01  1.120739e+05
7.762492e-01 7.943304e-01  1.161601e+05
7.943304e-01 8.128327e-01  1.119960e+05
8.128327e-01 8.317660e-01  1.091980e+05
8.317660e-01 8.511404e-01  1.100259e+05
8.511404e-01 8.709660e-01  1.088570e+05
8.709660e-01 8.912534e-01  1.043871e+05
8.912534e-01 9.120133e-01  9.536678e+04
9.120133e-01 9.332568e-01  9.952205e+04
9.332568e-01 9.549952e-01  1.030637e+05
9.549952e-01 9.772399e-01  9.915945e+04
9.772399e-01 1.000003e+00  9.656245e+04
1.000003e+00 1.023296e+00  9.217189e+04
1.023296e+00 1.047131e+00  9.000390e+04
1.047131e+00 1.071522e+00  8.920166e+04
1.071522e+00 1.096481e+00  9.130673e+04
1.096481e+00 1.122021e+00  9.061179e+04
1.122021e+00 1.148157e+00  8.782605e+04
1.148157e+00 1.174901e+00  8.737388e+04
1.174901e+00 1.202268e+00  8.353113e+04
1.202268e+00 1.230272e+00  8.120825e+04
1.230272e+00 1.258929e+00  8.308694e+04
1.258929e+00 1.288253e+00  8.050310e+04
1.288253e+00 1.318260e+00  7.767776e+04
1.318260e+00 1.348966e+00  7.897833e+04
1.348966e+00 1.380388e+00  7.691855e+04
1.380388e+00 1.412541e+00  7.377418e+04
1.412541e+00 1.445444e+00  7.283962e+04
1.445444e+00 1.479112e+00  7.084706e+04
1.479112e+00 1.513565e+00  6.775560e+04
1.513565e+00 1.548821e+00  6.520931e+04
1.548821e+00 1.584897e+00  6.666738e+04
1.584897e+00 1.621814e+00  6.560758e+04
1.621814e+00 1.659591e+00  6.226493e+04
1.659591e+00 1.698248e+00  6.296045e+04
1.698248e+00 1.737805e+00  6.385571e+04
1.737805e+00 1.778284e+00  6.136465e+04
1.778284e+00 1.819706e+00  5.727322e+04
1.819706e+00 1.862092e+00  5.663572e+04
1.862092e+00 1.905466e+00  5.943647e+04
1.905466e+00 1.949850e+00  5.716568e+04
1.949850e+00 1.995268e+00  5.267830e+04
1.995268e+00 2.041743e+00  5.373901e+04
2.041743e+00 2.089302e+00  5.423437e+04
2.089302e+00 2.137968e+00  5.213943e+04
2.137968e+00 2.187767e+00  5.152955e+04
2.187767e+00 2.238727e+00  5.069199e+04
2.238727e+00 2.290874e+00  5.170038e+04
2.290874e+00 2.344235e+00  5.093389e+04
2.344235e+00 2.398839e+00  4.712322e+04
2.398839e+00 2.454715e+00  4.618532e+04
2.454715e+00 2.511893e+00  4.748958e+04
2.511893e+00 2.570402e+00  4.689092e+04
2.570402e+00 2.630275e+00  4.469852e+04
2.630275e+00 2.691542e+00  4.537657e+04
2.691542e+00 2.754236e+00  4.487057e+04
2.754236e+00 2.818390e+00  4.310761e+04
2.818390e+00 2.884039e+00  4.168976e+04
2.884039e+00 2.951217e+00  4.097566e+04
2.951217e+00 3.019959e+00  4.120419e+04
3.019959e+00 3.090303e+00  3.950004e+04
3.090303e+00 3.162286e+00  3.834864e+04
3.162286e+00 3.235945e+00  3.848527e+04
3.235945e+00 3.311320e+00  3.631942e+04
3.311320e+00 3.388450e+00  3.530146e+04
3.388450e+00 3.467377e+00  3.661066e+04
3.467377e+00 3.548143e+00  3.556083e+04
3.548143e+00 3.630790e+00  3.417912e+04
3.630790e+00 3.715362e+00  3.529104e+04
3.715362e+00 3.801904e+00  3.373748e+04
3.801904e+00 3.890461e+00  3.249701e+04
3.890461e+00 3.981082e+00  3.215053e+04
3.981082e+00 4.073813e+00  3.087973e+04
4.073813e+00 4.168704e+00  3.124860e+04
4.168704e+00 4.265806e+00  3.135365e+04
4.265806e+00 4.365169e+00  2.934831e+04
4.365169e+00 4.466847e+00  2.857247e+04
4.466847e+00 4.570893e+00  2.844285e+04
4.570893e+00 4.677363e+00  2.760154e+04
4.677363e+00 4.786313e+00  2.760223e+04
4.786313e+00 4.897800e+00  2.661193e+04
4.897800e+00 5.011885e+00  2.487752e+04
5.011885e+00 5.128627e+00  2.464455e+04
5.128627e+00 5.248088e+00  2.545481e+04
5.248088e+00 5.370331e+00  2.509120e+04
5.370331e+00 5.495422e+00  2.485359e+04
5.495422e+00 5.623427e+00  2.530061e+04
5.623427e+00 5.754413e+00  2.406891e+04
5.754413e+00 5.888451e+00  2.269263e+04
5.888451e+00 6.025611e+00  2.314858e+04
6.025611e+00 6.165965e+00  2.262881e+04
6.165965e+00 6.309589e+00  2.104923e+04
6.309589e+00 6.456558e+00  2.037521e+04
6.456558e+00 6.606951e+00  2.059449e+04
6.606951e+00 6.760846e+00  2.059045e+04
6.760846e+00 6.918327e+00  2.012363e+04
6.918327e+00 7.079475e+00  2.016921e+04
7.079475e+00 7.244377e+00  1.982461e+04
7.244377e+00 7.413120e+00  1.892217e+04
7.413120e+00 7.585794e+00  1.892705e+04
7.585794e+00 7.762490e+00  1.845499e+04
7.762490e+00 7.943301e+00  1.845252e+04
7.943301e+00 8.128325e+00  1.859414e+04
8.128325e+00 8.317658e+00  1.709189e+04
8.317658e+00 8.511401e+00  1.674289e+04
8.511401e+00 8.709657e+00  1.695100e+04
8.709657e+00 8.912531e+00  1.645914e+04
8.912531e+00 9.120130e+00  1.581133e+04
9.120130e+00 9.332565e+00  1.523891e+04
9.332565e+00 9.549949e+00  1.502283e+04
9.549949e+00 9.772395e+00  1.488156e+04
9.772395e+00 1.000002e+01  1.496247e+04
1.000002e+01 1.023295e+01  1.447428e+04
1.023295e+01 1.047131e+01  1.388483e+04
1.047131e+01 1.071522e+01  1.420213e+04
1.071522e+01 1.096481e+01  1.440474e+04
1.096481e+01 1.122021e+01  1.328068e+04
1.122021e+01 1.148156e+01  1.249462e+04
1.148156e+01 1.174900e+01  1.248987e+04
1.174900e+01 1.202267e+01  1.231530e+04
1.202267e+01 1.230272e+01  1.208411e+04
1.230272e+01 1.258928e+01  1.157320e+04
1.258928e+01 1.288253e+01  1.108513e+04
1.288253e+01 1.318260e+01  1.115170e+04
1.318260e+01 1.348966e+01  1.100441e+04
1.348966e+01 1.380387e+01  1.057646e+04
1.380387e+01 1.412541e+01  1.070832e+04
1.412541e+01 1.445443e+01  1.096872e+04
1.445443e+01 1.479112e+01  1.055408e+04
1.479112e+01 1.513565e+01  1.002427e+04
1.513565e+01 1.548820e+01  9.815167e+03
1.548820e+01 1.584897e+01  9.674422e+03
1.584897e+01 1.621814e+01  9.589814e+03
1.621814e+01 1.659591e+01  9.227491e+03
1.659591e+01 1.698248e+01  8.799138e+03
1.698248e+01 1.737805e+01  8.817461e+03
1.737805e+01 1.778283e+01  8.854981e+03
1.778283e+01 1.819705e+01  8.714112e+03
1.819705e+01 1.862091e+01  8.463457e+03
1.862091e+01 1.905465e+01  8.037567e+03
1.905465e+01 1.949849e+01  7.848906e+03
1.949849e+01 1.995267e+01  7.938599e+03
1.995267e+01 2.041743e+01  7.763252e+03
2.041743e+01 2.089301e+01  7.696787e+03
2.089301e+01 2.137967e+01  7.581259e+03
2.137967e+01 2.187767e+01  7.172326e+03
2.187767e+01 2.238726e+01  7.076623e+03
2.238726e+01 2.290873e+01  7.088548e+03
2.290873e+01 2.344234e+01  7.033503e+03
2.344234e+01 2.398838e+01  6.896295e+03
2.398838e+01 2.454714e+01  6.569393e+03
2.454714e+01 2.511892e+01  6.289810e+03
2.511892e+01 2.570402e+01  6.245483e+03
2.570402e+01 2.630274e+01  5.927106e+03
2.630274e+01 2.691541e+01  5.668333e+03
2.691541e+01 2.754235e+01  5.870681e+03
2.754235e+01 2.818389e+01  5.810418e+03
2.818389e+01 2.884038e+01  5.710393e+03
2.884038e+01 2.951216e+01  5.684184e+03
2.951216e+01 3.019958e+01  5.455746e+03
3.019958e+01 3.090302e+01  5.132673e+03
3.090302e+01 3.162285e+01  4.981954e+03
3.162285e+01 3.235944e+01  5.079699e+03
3.235944e+01 3.311319e+01  4.948829e+03
3.311319e+01 3.388449e+01  4.735722e+03
3.388449e+01 3.467376e+01  4.585759e+03
3.467376e+01 3.548142e+01  4.629507e+03
3.548142e+01 3.630789e+01  4.546796e+03
3.630789e+01 3.715360e+01  4.459727e+03
3.715360e+01 3.801902e+01  4.614791e+03
3.801902e+01 3.890460e+01  4.597500e+03
3.890460e+01 3.981080e+01  4.339172e+03
3.981080e+01 4.073812e+01  4.020880e+03
4.073812e+01 4.168703e+01  3.983496e+03
4.168703e+01 4.265804e+01  3.832797e+03
4.265804e+01 4.365168e+01  3.744675e+03
4.365168e+01 4.466846e+01  3.924157e+03
4.466846e+01 4.570892e+01  3.776236e+03
4.570892e+01 4.677362e+01  3.522056e+03
4.677362e+01 4.786311e+01  3.492180e+03
4.786311e+01 4.897799e+01  3.459866e+03
4.897799e+01 5.011883e+01  3.356952e+03
5.011883e+01 5.128625e+01  3.273846e+03
5.128625e+01 5.248086e+01  3.270969e+03
5.248086e+01 5.370329e+01  3.281312e+03
5.370329e+01 5.495420e+01  3.098265e+03
5.495420e+01 5.623425e+01  2.985801e+03
5.623425e+01 5.754412e+01  3.008405e+03
5.754412e+01 5.888449e+01  2.965662e+03
5.888449e+01 6.025609e+01  2.906962e+03
6.025609e+01 6.165963e+01  2.840615e+03
6.165963e+01 6.309587e+01  2.738353e+03
6.309587e+01 6.456556e+01  2.659074e+03
6.456556e+01 6.606948e+01  2.612298e+03
6.606948e+01 6.760844e+01  2.573297e+03
6.760844e+01 6.918324e+01  2.609910e+03
6.918324e+01 7.079473e+01  2.583148e+03
7.079473e+01 7.244375e+01  2.475951e+03
7.244375e+01 7.413118e+01  2.411326e+03
7.413118e+01 7.585792e+01  2.328567e+03
7.585792e+01 7.762487e+01  2.284725e+03
7.762487e+01 7.943299e+01  2.248192e+03
7.943299e+01 8.128322e+01  2.145711e+03
8.128322e+01 8.317655e+01  2.111704e+03
8.317655e+01 8.511398e+01  2.096673e+03
8.511398e+01 8.709654e+01  2.075862e+03
8.709654e+01 8.912528e+01  2.068858e+03
8.912528e+01 9.120127e+01  2.024218e+03
9.120127e+01 9.332562e+01  1.922236e+03
9.332562e+01 9.549945e+01  1.871227e+03
9.549945e+01 9.772392e+01  1.821251e+03
9.772392e+01 1.000002e+02  1.816093e+03
1.000002e+02 1.023295e+02  1.871101e+03
1.023295e+02 1.047131e+02  1.804039e+03
1.047131e+02 1.071521e+02  1.767939e+03
1.071521e+02 1.096480e+02  1.721678e+03
1.096480e+02 1.122021e+02  1.639603e+03
1.122021e+02 1.148156e+02  1.612322e+03
1.148156e+02 1.174900e+02  1.532750e+03
1.174900e+02 1.202267e+02  1.464584e+03
1.202267e+02 1.230271e+02  1.467203e+03
1.230271e+02 1.258928e+02  1.453907e+03
1.258928e+02 1.288252e+02  1.431236e+03
1.288252e+02 1.318259e+02  1.404118e+03
1.318259e+02 1.348966e+02  1.368747e+03
1.348966e+02 1.380387e+02  1.384476e+03
1.380387e+02 1.412540e+02  1.389871e+03
1.412540e+02 1.445443e+02  1.316982e+03
1.445443e+02 1.479111e+02  1.263301e+03
1.479111e+02 1.513564e+02  1.275775e+03
1.513564e+02 1.548820e+02  1.236975e+03
1.548820e+02 1.584896e+02  1.169845e+03
1.584896e+02 1.621813e+02  1.138392e+03
1.621813e+02 1.659590e+02  1.095427e+03
1.659590e+02 1.698247e+02  1.079260e+03
1.698247e+02 1.737804e+02  1.083833e+03
1.737804e+02 1.778283e+02  1.074047e+03
1.778283e+02 1.819704e+02  1.055999e+03
1.819704e+02 1.862091e+02  1.014551e+03
1.862091e+02 1.905464e+02  9.831744e+02
1.905464e+02 1.949848e+02  9.901362e+02
1.949848e+02 1.995266e+02  9.786122e+02
1.995266e+02 2.041742e+02  9.282976e+02
2.041742e+02 2.089300e+02  9.213183e+02
2.089300e+02 2.137966e+02  9.157183e+02
2.137966e+02 2.187766e+02  8.794883e+02
2.187766e+02 2.238725e+02  8.586013e+02
2.238725e+02 2.290872e+02  8.462208e+02
2.290872e+02 2.344233e+02  8.317016e+02
2.344233e+02 2.398838e+02  8.123923e+02
2.398838e+02 2.454714e+02  8.021096e+02
2.454714e+02 2.511891e+02  7.773887e+02
2.511891e+02 2.570401e+02  7.483465e+02
2.570401e+02 2.630273e+02  7.402030e+02
2.630273e+02 2.691540e+02  7.386909e+02
2.691540e+02 2.754234e+02  7.304030e+02
2.754234e+02 2.818388e+02  7.113489e+02
2.818388e+02 2.884037e+02  6.829320e+02
2.884037e+02 2.951215e+02  6.570674e+02
2.951215e+02 3.019957e+02  6.386735e+02
3.019957e+02 3.090301e+02  6.120493e+02
3.090301e+02 3.162284e+02  5.774456e+02
3.162284e+02 3.235943e+02  5.106711e+02
3.235943e+02 3.311317e+02  4.214878e+02
3.311317e+02 3.388448e+02  3.830349e+02
3.388448e+02 3.467375e+02  3.943186e+02
3.467375e+02 3.548141e+02  4.337907e+02
3.548141e+02 3.630787e+02  4.772540e+02
3.630787e+02 3.715359e+02  5.085516e+02
3.715359e+02 3.801901e+02  5.068225e+02
3.801901e+02 3.890459e+02  4.933605e+02
3.890459e+02 3.981079e+02  4.900687e+02
3.981079e+02 4.073810e+02  4.765149e+02
4.073810e+02 4.168702e+02  4.671994e+02
4.168702e+02 4.265803e+02  4.614277e+02
4.265803e+02 4.365166e+02  4.369496e+02
4.365166e+02 4.466844e+02  4.421110e+02
4.466844e+02 4.570890e+02  4.588538e+02
4.570890e+02 4.677360e+02  4.505753e+02
4.677360e+02 4.786310e+02  4.303909e+02
4.786310e+02 4.897797e+02  4.093039e+02
4.897797e+02 5.011881e+02  4.067209e+02
5.011881e+02 5.128623e+02  3.918140e+02
5.128623e+02 5.248084e+02  3.860188e+02
5.248084e+02 5.370328e+02  3.855121e+02
5.370328e+02 5.495419e+02  3.796152e+02
5.495419e+02 5.623423e+02  3.719793e+02
5.623423e+02 5.754410e+02  3.498392e+02
5.754410e+02 5.888447e+02  3.453192e+02
5.888447e+02 6.025607e+02  3.462226e+02
6.025607e+02 6.165961e+02  3.282509e+02
6.165961e+02 6.309585e+02  3.215449e+02
6.309585e+02 6.456554e+02  3.228709e+02
6.456554e+02 6.606946e+02  3.198192e+02
6.606946e+02 6.760842e+02  3.089631e+02
6.760842e+02 6.918322e+02  2.961443e+02
6.918322e+02 7.079470e+02  2.979270e+02
7.079470e+02 7.244372e+02  2.988494e+02
7.244372e+02 7.413116e+02  2.883954e+02
7.413116e+02 7.585789e+02  2.814053e+02
7.585789e+02 7.762485e+02  2.741908e+02
7.762485e+02 7.943296e+02  2.639670e+02
7.943296e+02 8.128319e+02  2.553750e+02
8.128319e+02 8.317652e+02  2.517549e+02
8.317652e+02 8.511395e+02  2.531527e+02
8.511395e+02 8.709651e+02  2.455766e+02
8.709651e+02 8.912525e+02  2.413496e+02
8.912525e+02 9.120124e+02  2.335335e+02
9.120124e+02 9.332559e+02  2.194434e+02
9.332559e+02 9.549942e+02  2.182675e+02
9.549942e+02 9.772389e+02  2.177212e+02
9.772389e+02 1.000002e+03  2.106358e+02
1.000002e+03 1.023295e+03  2.059503e+02
1.023295e+03 1.047130e+03  2.070130e+02
1.047130e+03 1.071521e+03  1.942666e+02
1.071521e+03 1.096480e+03  1.772709e+02
1.096480e+03 1.122020e+03  1.823086e+02
1.122020e+03 1.148156e+03  1.844323e+02
1.148156e+03 1.174900e+03  1.818405e+02
1.174900e+03 1.202266e+03  1.809188e+02
1.202266e+03 1.230271e+03  1.780037e+02
1.230271e+03 1.258928e+03  1.715529e+02
1.258928e+03 1.288252e+03  1.662213e+02
1.288252e+03 1.318259e+03  1.660230e+02
1.318259e+03 1.348965e+03  1.593218e+02
1.348965e+03 1.380387e+03  1.512869e+02
1.380387e+03 1.412540e+03  1.519755e+02
1.412540e+03 1.445442e+03  1.514519e+02
1.445442e+03 1.479111e+03  1.475423e+02
1.479111e+03 1.513564e+03  1.454932e+02
1.513564e+03 1.548819e+03  1.418711e+02
1.548819e+03 1.584896e+03  1.407675e+02
1.584896e+03 1.621813e+03  1.363291e+02
1.621813e+03 1.659590e+03  1.289763e+02
1.659590e+03 1.698246e+03  1.265502e+02
1.698246e+03 1.737804e+03  1.294238e+02
1.737804e+03 1.778282e+03  1.260688e+02
1.778282e+03 1.819704e+03  1.247001e+02
1.819704e+03 1.862090e+03  1.228221e+02
1.862090e+03 1.905464e+03  1.155267e+02
1.905464e+03 1.949848e+03  1.131144e+02
1.949848e+03 1.995266e+03  1.096110e+02
1.995266e+03 2.041741e+03  1.060447e+02
2.041741e+03 2.089300e+03  1.032138e+02
2.089300e+03 2.137966e+03  1.020705e+02
2.137966e+03 2.187765e+03  1.004719e+02
2.187765e+03 2.238725e+03  9.532321e+01
2.238725e+03 2.290871e+03  8.966932e+01
2.290871e+03 2.344233e+03  8.477034e+01
2.344233e+03 2.398837e+03  8.502735e+01
2.398837e+03 2.454713e+03  8.429966e+01
2.454713e+03 2.511890e+03  8.172317e+01
2.511890e+03 2.570400e+03  8.218264e+01
2.570400e+03 2.630272e+03  8.223458e+01
2.630272e+03 2.691539e+03  8.098041e+01
2.691539e+03 2.754233e+03  7.878535e+01
2.754233e+03 2.818387e+03  7.659797e+01
2.818387e+03 2.884036e+03  7.475166e+01
2.884036e+03 2.951214e+03  7.506280e+01
2.951214e+03 3.019956e+03  7.567227e+01
3.019956e+03 3.090300e+03  7.264062e+01
3.090300e+03 3.162283e+03  7.035133e+01
3.162283e+03 3.235942e+03  7.107947e+01
3.235942e+03 3.311316e+03  6.938705e+01
3.311316e+03 3.388447e+03  6.697983e+01
3.388447e+03 3.467374e+03  6.592419e+01
3.467374e+03 3.548139e+03  6.543637e+01
3.548139e+03 3.630786e+03  6.278760e+01
3.630786e+03 3.715358e+03  6.186409e+01
3.715358e+03 3.801900e+03  6.270675e+01
3.801900e+03 3.890457e+03  6.080119e+01
3.890457e+03 3.981078e+03  5.830496e+01
3.981078e+03 4.073809e+03  5.638465e+01
4.073809e+03 4.168700e+03  5.428073e+01
4.168700e+03 4.265802e+03  5.388976e+01
4.265802e+03 4.365165e+03  5.365844e+01
4.365165e+03 4.466843e+03  5.235634e+01
4.466843e+03 4.570889e+03  5.319100e+01
4.570889e+03 4.677358e+03  5.216078e+01
4.677358e+03 4.786308e+03  4.935711e+01
4.786308e+03 4.897796e+03  4.889638e+01
4.897796e+03 5.011880e+03  4.967195e+01
5.011880e+03 5.128621e+03  4.876973e+01
5.128621e+03 5.248082e+03  4.632691e+01
5.248082e+03 5.370326e+03  4.511027e+01
5.370326e+03 5.495417e+03  4.473812e+01
5.495417e+03 5.623422e+03  4.422042e+01
5.623422e+03 5.754408e+03  4.101293e+01
5.754408e+03 5.888445e+03  3.130537e+01
5.888445e+03 6.025605e+03  3.166365e+01
6.025605e+03 6.165959e+03  3.841904e+01
6.165959e+03 6.309583e+03  3.736278e+01
6.309583e+03 6.456552e+03  3.726053e+01
6.456552e+03 6.606944e+03  3.678331e+01
6.606944e+03 6.760840e+03  3.568527e+01
6.760840e+03 6.918320e+03  3.547478e+01
6.918320e+03 7.079468e+03  3.478759e+01
7.079468e+03 7.244370e+03  3.304396e+01
7.244370e+03 7.413113e+03  3.202818e+01
7.413113e+03 7.585787e+03  3.214065e+01
7.585787e+03 7.762482e+03  3.195724e+01
7.762482e+03 7.943294e+03  3.208585e+01
7.943294e+03 8.128317e+03  3.144092e+01
8.128317e+03 8.317650e+03  3.056962e+01
8.317650e+03 8.511392e+03  3.010954e+01
8.511392e+03 8.709648e+03  2.886588e+01
8.709648e+03 8.912522e+03  2.795478e+01
8.912522e+03 9.120121e+03  2.777916e+01
9.120121e+03 9.332556e+03  2.708585e+01
9.332556e+03 9.549939e+03  2.692241e+01
9.549939e+03 9.772386e+03  2.588717e+01
9.772386e+03 1.000001e+04  2.487227e+01
1.000001e+04 1.023294e+04  2.534086e+01
1.023294e+04 1.047130e+04  2.485322e+01
1.047130e+04 1.071521e+04  2.380178e+01
1.071521e+04 1.096480e+04  2.359345e+01
1.096480e+04 1.122020e+04  2.331473e+01
1.122020e+04 1.148155e+04  2.302022e+01
1.148155e+04 1.174899e+04  2.267970e+01
1.174899e+04 1.202266e+04  2.192292e+01
1.202266e+04 1.230270e+04  2.131880e+01
1.230270e+04 1.258927e+04  2.081647e+01
1.258927e+04 1.288251e+04  2.013029e+01
1.288251e+04 1.318259e+04  1.977740e+01
1.318259e+04 1.348965e+04  1.981789e+01
1.348965e+04 1.380386e+04  1.960136e+01
1.380386e+04 1.412539e+04  1.937447e+01
1.412539e+04 1.445442e+04  1.924629e+01
1.445442e+04 1.479110e+04  1.904365e+01
1.479110e+04 1.513563e+04  1.841851e+01
1.513563e+04 1.548819e+04  1.780909e+01
1.548819e+04 1.584895e+04  1.754902e+01
1.584895e+04 1.621812e+04  1.713693e+01
1.621812e+04 1.659589e+04  1.696528e+01
1.659589e+04 1.698246e+04  1.683964e+01
1.698246e+04 1.737803e+04  1.648992e+01
1.737803e+04 1.778282e+04  1.644742e+01
1.778282e+04 1.819703e+04  1.591935e+01
1.819703e+04 1.862090e+04  1.517612e+01
1.862090e+04 1.905463e+04  1.505779e+01
1.905463e+04 1.949847e+04  1.489411e+01
1.949847e+04 1.995265e+04  1.471627e+01
1.995265e+04 2.041741e+04  1.453429e+01
2.041741e+04 2.089299e+04  1.393181e+01
2.089299e+04 2.137965e+04  1.351748e+01
2.137965e+04 2.187764e+04  1.342267e+01
2.187764e+04 2.238724e+04  1.347336e+01
2.238724e+04 2.290871e+04  1.315594e+01
2.290871e+04 2.344232e+04  1.297065e+01
2.344232e+04 2.398836e+04  1.304381e+01
2.398836e+04 2.454712e+04  1.277227e+01
2.454712e+04 2.511890e+04  1.246767e+01
2.511890e+04 2.570399e+04  1.259557e+01
2.570399e+04 2.630271e+04  1.229040e+01
2.630271e+04 2.691538e+04  1.186768e+01
2.691538e+04 2.754232e+04  1.196840e+01
2.754232e+04 2.818386e+04  1.201229e+01
2.818386e+04 2.884035e+04  1.210187e+01
2.884035e+04 2.951213e+04  1.189747e+01
2.951213e+04 3.019955e+04  1.201087e+01
3.019955e+04 3.090299e+04  1.186902e+01
3.090299e+04 3.162282e+04  1.064833e+01
3.162282e+04 3.235941e+04  8.982633e+00
3.235941e+04 3.311315e+04  7.033982e+00
3.311315e+04 3.388446e+04  4.864293e+00
3.388446e+04 3.467373e+04  3.201653e+00
3.467373e+04 3.548138e+04  2.872238e+00
3.548138e+04 3.630785e+04  3.704468e+00
3.630785e+04 3.715357e+04  4.615967e+00
3.715357e+04 3.801899e+04  5.439533e+00
3.801899e+04 3.890456e+04  6.179964e+00
3.890456e+04 3.981076e+04  6.528459e+00
3.981076e+04 4.073808e+04  6.667973e+00
4.073808e+04 4.168699e+04  6.609575e+00
4.168699e+04 4.265800e+04  6.738185e+00
4.265800e+04 4.365164e+04  6.981022e+00
4.365164e+04 4.466841e+04  6.982561e+00
4.466841e+04 4.570887e+04  6.998446e+00
4.570887e+04 4.677357e+04  6.905621e+00
4.677357e+04 4.786307e+04  6.735865e+00
4.786307e+04 4.897794e+04  6.813405e+00
4.897794e+04 5.011878e+04  6.785914e+00
5.011878e+04 5.128620e+04  6.832636e+00
5.128620e+04 5.248081e+04  6.928337e+00
5.248081e+04 5.370324e+04  6.744550e+00
5.370324e+04 5.495415e+04  6.467450e+00
5.495415e+04 5.623420e+04  6.498432e+00
5.623420e+04 5.754406e+04  6.534524e+00
5.754406e+04 5.888443e+04  6.469956e+00
5.888443e+04 6.025603e+04  6.546149e+00
6.025603e+04 6.165957e+04  6.525254e+00
6.165957e+04 6.309581e+04  6.470213e+00
6.309581e+04 6.456550e+04  6.447144e+00
6.456550e+04 6.606942e+04  6.439665e+00
6.606942e+04 6.760837e+04  6.281660e+00
6.760837e+04 6.918317e+04  6.246197e+00
6.918317e+04 7.079466e+04  6.313453e+00
7.079466e+04 7.244368e+04  6.329706e+00
7.244368e+04 7.413111e+04  6.324064e+00
7.413111e+04 7.585784e+04  5.934671e+00
7.585784e+04 7.762480e+04  5.363639e+00
7.762480e+04 7.943291e+04  4.841442e+00
7.943291e+04 8.128314e+04  4.132713e+00
8.128314e+04 8.317647e+04  3.300984e+00
8.317647e+04 8.511390e+04  2.705464e+00
8.511390e+04 8.709645e+04  2.446118e+00
8.709645e+04 8.912519e+04  2.397155e+00
8.912519e+04 9.120118e+04  2.651165e+00
9.120118e+04 9.332553e+04  3.045102e+00
9.332553e+04 9.549936e+04  3.427244e+00
9.549936e+04 9.772383e+04  3.712495e+00
9.772383e+04 1.000001e+05  3.891816e+00
1.000001e+05 1.023294e+05  4.083930e+00
1.023294e+05 1.047130e+05  4.357242e+00
1.047130e+05 1.071520e+05  4.529350e+00
1.071520e+05 1.096479e+05  4.571506e+00
1.096479e+05 1.122020e+05  4.618840e+00
1.122020e+05 1.148155e+05  4.428292e+00
1.148155e+05 1.174899e+05  3.633420e+00
1.174899e+05 1.202266e+05  3.141141e+00
1.202266e+05 1.230270e+05  3.909551e+00
1.230270e+05 1.258927e+05  4.695611e+00
1.258927e+05 1.288251e+05  4.872917e+00
1.288251e+05 1.318258e+05  4.827556e+00
1.318258e+05 1.348964e+05  4.430638e+00
1.348964e+05 1.380386e+05  3.770903e+00
1.380386e+05 1.412539e+05  3.156280e+00
1.412539e+05 1.445441e+05  2.763426e+00
1.445441e+05 1.479110e+05  2.639165e+00
1.479110e+05 1.513563e+05  2.712955e+00
1.513563e+05 1.548818e+05  2.558162e+00
1.548818e+05 1.584895e+05  2.321294e+00
1.584895e+05 1.621812e+05  2.610516e+00
1.621812e+05 1.659589e+05  3.013261e+00
1.659589e+05 1.698245e+05  3.167699e+00
1.698245e+05 1.737803e+05  3.329630e+00
1.737803e+05 1.778281e+05  3.470602e+00
1.778281e+05 1.819703e+05  3.508243e+00
1.819703e+05 1.862089e+05  3.516727e+00
1.862089e+05 1.905463e+05  3.581203e+00
1.905463e+05 1.949847e+05  3.546234e+00
1.949847e+05 1.995264e+05  3.208894e+00
1.995264e+05 2.041740e+05  2.801085e+00
2.041740e+05 2.089298e+05  2.635379e+00
2.089298e+05 2.137964e+05  2.765042e+00
2.137964e+05 2.187764e+05  3.000507e+00
2.187764e+05 2.238723e+05  3.069196e+00
2.238723e+05 2.290870e+05  3.097501e+00
2.290870e+05 2.344231e+05  3.185931e+00
2.344231e+05 2.398835e+05  3.248029e+00
2.398835e+05 2.454711e+05  3.343837e+00
2.454711e+05 2.511889e+05  3.464615e+00
2.511889e+05 2.570398e+05  3.403566e+00
2.570398e+05 2.630270e+05  3.447114e+00
2.630270e+05 2.691537e+05  3.635786e+00
2.691537e+05 2.754231e+05  3.297696e+00
2.754231e+05 2.818386e+05  2.663737e+00
2.818386e+05 2.884034e+05  2.547242e+00
2.884034e+05 2.951212e+05  2.733994e+00
2.951212e+05 3.019954e+05  2.832561e+00
3.019954e+05 3.090298e+05  2.796522e+00
3.090298e+05 3.162281e+05  2.747553e+00
3.162281e+05 3.235940e+05  2.924877e+00
3.235940e+05 3.311314e+05  3.099657e+00
3.311314e+05 3.388445e+05  3.193762e+00
3.388445e+05 3.467372e+05  3.048728e+00
3.467372e+05 3.548137e+05  2.821234e+00
3.548137e+05 3.630784e+05  2.436082e+00
3.630784e+05 3.715356e+05  2.364338e+00
3.715356e+05 3.801897e+05  2.879745e+00
3.801897e+05 3.890455e+05  2.939608e+00
3.890455e+05 3.981075e+05  2.703084e+00
3.981075e+05 4.073806e+05  2.403842e+00
4.073806e+05 4.168697e+05  1.973415e+00
4.168697e+05 4.265799e+05  1.724283e+00
4.265799e+05 4.365162e+05  1.693808e+00
4.365162e+05 4.466840e+05  1.823247e+00
4.466840e+05 4.570886e+05  2.133261e+00
4.570886e+05 4.677355e+05  2.380874e+00
4.677355e+05 4.786305e+05  2.722526e+00
4.786305e+05 4.897792e+05  3.027404e+00
4.897792e+05 5.011877e+05  3.194686e+00
5.011877e+05 5.128618e+05  3.236497e+00
5.128618e+05 5.248079e+05  2.677921e+00
5.248079e+05 5.370322e+05  2.525512e+00
5.370322e+05 5.495413e+05  2.854806e+00
5.495413e+05 5.623418e+05  2.672550e+00
5.623418e+05 5.754404e+05  2.568486e+00
5.754404e+05 5.888441e+05  2.700980e+00
5.888441e+05 6.025601e+05  2.799894e+00
6.025601e+05 6.165955e+05  2.755714e+00
6.165955e+05 6.309579e+05  2.580886e+00
6.309579e+05 6.456548e+05  2.374065e+00
6.456548e+05 6.606940e+05  2.455667e+00
6.606940e+05 6.760835e+05  2.774300e+00
6.760835e+05 6.918315e+05  2.722656e+00
6.918315e+05 7.079463e+05  2.520496e+00
7.079463e+05 7.244365e+05  2.455122e+00
7.244365e+05 7.413108e+05  2.480338e+00
7.413108e+05 7.585782e+05  2.408673e+00
7.585782e+05 7.762477e+05  2.126155e+00
7.762477e+05 7.943289e+05  2.042783e+00
7.943289e+05 8.128311e+05  1.963334e+00
8.128311e+05 8.317644e+05  1.832958e+00
8.317644e+05 8.511387e+05  1.822654e+00
8.511387e+05 8.709643e+05  1.794323e+00
8.709643e+05 8.912516e+05  1.946481e+00
8.912516e+05 9.120115e+05  2.034424e+00
9.120115e+05 9.332550e+05  1.895732e+00
9.332550e+05 9.549933e+05  1.699317e+00
9.549933e+05 9.772380e+05  1.492802e+00
9.772380e+05 1.000001e+06  1.411700e+00
1.000001e+06 1.023294e+06  1.441674e+00
1.023294e+06 1.047129e+06  1.511091e+00
1.047129e+06 1.071520e+06  1.727311e+00
1.071520e+06 1.096479e+06  1.746795e+00
1.096479e+06 1.122019e+06  1.596655e+00
1.122019e+06 1.148154e+06  1.460473e+00
1.148154e+06 1.174898e+06  1.426534e+00
1.174898e+06 1.202265e+06  1.623169e+00
1.202265e+06 1.230270e+06  1.594930e+00
1.230270e+06 1.258926e+06  1.432904e+00
1.258926e+06 1.288250e+06  1.319585e+00
1.288250e+06 1.318258e+06  1.265027e+00
1.318258e+06 1.348964e+06  1.376059e+00
1.348964e+06 1.380385e+06  1.355422e+00
1.380385e+06 1.412539e+06  1.280771e+00
1.412539e+06 1.445441e+06  1.263312e+00
1.445441e+06 1.479109e+06  1.268949e+00
1.479109e+06 1.513562e+06  1.235977e+00
1.513562e+06 1.548818e+06  1.219815e+00
1.548818e+06 1.584894e+06  1.232128e+00
1.584894e+06 1.621811e+06  1.187297e+00
1.621811e+06 1.659588e+06  1.107558e+00
1.659588e+06 1.698245e+06  1.001343e+00
1.698245e+06 1.737802e+06  9.365967e-01
1.737802e+06 1.778281e+06  9.541483e-01
1.778281e+06 1.819702e+06  9.756712e-01
1.819702e+06 1.862088e+06  9.495250e-01
1.862088e+06 1.905462e+06  8.819118e-01
1.905462e+06 1.949846e+06  8.315165e-01
1.949846e+06 1.995264e+06  8.159143e-01
1.995264e+06 2.041739e+06  7.503243e-01
2.041739e+06 2.089297e+06  7.234346e-01
2.089297e+06 2.137963e+06  7.285231e-01
2.137963e+06 2.187763e+06  7.149593e-01
2.187763e+06 2.238723e+06  6.935499e-01
2.238723e+06 2.290869e+06  6.544992e-01
2.290869e+06 2.344230e+06  6.520462e-01
2.344230e+06 2.398834e+06  6.369080e-01
2.398834e+06 2.454710e+06  5.806776e-01
2.454710e+06 2.511888e+06  5.257607e-01
2.511888e+06 2.570397e+06  4.743423e-01
2.570397e+06 2.630270e+06  4.384487e-01
2.630270e+06 2.691536e+06  4.273005e-01
2.691536e+06 2.754230e+06  3.961637e-01
2.754230e+06 2.818385e+06  3.745940e-01
2.818385e+06 2.884033e+06  3.719501e-01
2.884033e+06 2.951211e+06  3.356301e-01
2.951211e+06 3.019954e+06  3.119287e-01
3.019954e+06 3.090297e+06  3.000239e-01
3.090297e+06 3.162280e+06  2.822104e-01
3.162280e+06 3.235938e+06  2.509264e-01
3.235938e+06 3.311313e+06  2.190011e-01
3.311313e+06 3.388444e+06  2.091212e-01
3.388444e+06 3.467370e+06  2.038909e-01
3.467370e+06 3.548136e+06  1.878884e-01
3.548136e+06 3.630783e+06  1.791391e-01
3.630783e+06 3.715354e+06  1.677905e-01
3.715354e+06 3.801896e+06  1.589188e-01
3.801896e+06 3.890454e+06  1.595978e-01
3.890454e+06 3.981074e+06  1.555938e-01
3.981074e+06 4.073805e+06  1.516787e-01
4.073805e+06 4.168696e+06  1.421482e-01
4.168696e+06 4.265798e+06  1.294813e-01
4.265798e+06 4.365161e+06  1.216571e-01
4.365161e+06 4.466838e+06  1.176363e-01
4.466838e+06 4.570884e+06  1.118069e-01
4.570884e+06 4.677354e+06  1.083503e-01
4.677354e+06 4.786303e+06  1.044198e-01
4.786303e+06 4.897791e+06  9.917028e-02
4.897791e+06 5.011875e+06  9.537745e-02
5.011875e+06 5.128616e+06  8.881093e-02
5.128616e+06 5.248077e+06  8.528348e-02
5.248077e+06 5.370321e+06  8.545504e-02
5.370321e+06 5.495412e+06  8.366928e-02
5.495412e+06 5.623416e+06  7.801269e-02
5.623416e+06 5.754402e+06  7.483448e-02
5.754402e+06 5.888439e+06  7.142344e-02
5.888439e+06 6.025599e+06  6.860868e-02
6.025599e+06 6.165953e+06  6.729752e-02
6.165953e+06 6.309577e+06  6.505725e-02
6.309577e+06 6.456545e+06  6.342077e-02
6.456545e+06 6.606938e+06  6.129664e-02
6.606938e+06 6.760833e+06  5.701516e-02
6.760833e+06 6.918313e+06  5.384820e-02
6.918313e+06 7.079461e+06  5.160630e-02
7.079461e+06 7.244363e+06  4.978241e-02
7.244363e+06 7.413106e+06  4.860165e-02
7.413106e+06 7.585779e+06  4.723236e-02
7.585779e+06 7.762475e+06  4.503261e-02
7.762475e+06 7.943286e+06  4.401952e-02
7.943286e+06 8.128309e+06  4.333322e-02
8.128309e+06 8.317641e+06  4.073260e-02
8.317641e+06 8.511384e+06  3.889823e-02
8.511384e+06 8.709640e+06  3.760863e-02
8.709640e+06 8.912513e+06  3.608429e-02
8.912513e+06 9.120112e+06  3.564748e-02
9.120112e+06 9.332547e+06  3.479022e-02
9.332547e+06 9.549930e+06  3.256348e-02
9.549930e+06 9.772376e+06  3.067909e-02
9.772376e+06 1.000000e+07  2.905869e-02
1.000000e+07 1.023293e+07  2.899567e-02
1.023293e+07 1.047129e+07  2.835068e-02
1.047129e+07 1.071520e+07  2.691190e-02
1.071520e+07 1.096479e+07  2.540776e-02
1.096479e+07 1.122019e+07  2.416159e-02
1.122019e+07 1.148154e+07  2.369375e-02
1.148154e+07 1.174898e+07  2.269405e-02
1.174898e+07 1.202265e+07  2.179620e-02
1.202265e+07 1.230269e+07  2.150487e-02
1.230269e+07 1.258926e+07  2.119666e-02
1.258926e+07 1.288250e+07  2.063825e-02
1.288250e+07 1.318257e+07  1.979637e-02
1.318257e+07 1.348963e+07  1.868929e-02
1.348963e+07 1.380385e+07  1.822750e-02
1.380385e+07 1.412538e+07  1.805041e-02
1.412538e+07 1.445440e+07  1.705798e-02
1.445440e+07 1.479109e+07  1.618843e-02
1.479109e+07 1.513562e+07  1.606178e-02
1.513562e+07 1.548817e+07  1.571845e-02
1.548817e+07 1.584894e+07  1.530596e-02
1.584894e+07 1.621811e+07  1.459900e-02
1.621811e+07 1.659587e+07  1.378534e-02
1.659587e+07 1.698244e+07  1.375524e-02
1.698244e+07 1.737801e+07  1.381555e-02
1.737801e+07 1.778280e+07  1.310023e-02
1.778280e+07 1.819701e+07  1.229768e-02
1.819701e+07 1.862088e+07  1.218784e-02
1.862088e+07 1.905461e+07  1.218477e-02
1.905461e+07 1.949845e+07  1.180172e-02
1.949845e+07 1.995263e+07  1.145320e-02
1.995263e+07 2.041739e+07  1.103005e-02
2.041739e+07 2.089297e+07  1.034969e-02
2.089297e+07 2.137963e+07  1.020280e-02
2.137963e+07 2.187762e+07  9.991495e-03
2.187762e+07 2.238722e+07  9.294114e-03
2.238722e+07 2.290868e+07  9.113936e-03
2.290868e+07 2.344230e+07  9.274064e-03
2.344230e+07 2.398834e+07  9.022423e-03
2.398834e+07 2.454710e+07  8.417735e-03
2.454710e+07 2.511887e+07  8.251305e-03
2.511887e+07 2.570397e+07  8.431038e-03
2.570397e+07 2.630269e+07  8.157794e-03
2.630269e+07 2.691536e+07  7.898199e-03
2.691536e+07 2.754229e+07  7.884550e-03
2.754229e+07 2.818384e+07  7.545009e-03
2.818384e+07 2.884032e+07  7.136427e-03
2.884032e+07 2.951210e+07  7.088211e-03
2.951210e+07 3.019953e+07  7.017220e-03
3.019953e+07 3.090296e+07  6.944581e-03
3.090296e+07 3.162278e+07  6.967297e-03
3.162278e+07 3.235937e+07  6.771090e-03
3.235937e+07 3.311312e+07  6.501811e-03
3.311312e+07 3.388442e+07  6.629484e-03
3.388442e+07 3.467369e+07  6.847326e-03
3.467369e+07 3.548135e+07  6.641128e-03
3.548135e+07 3.630781e+07  6.541452e-03
3.630781e+07 3.715353e+07  6.516539e-03
3.715353e+07 3.801895e+07  6.451901e-03
3.801895e+07 3.890452e+07  6.446182e-03
3.890452e+07 3.981073e+07  6.238515e-03
3.981073e+07 4.073804e+07  6.147978e-03
4.073804e+07 4.168695e+07  6.324844e-03
4.168695e+07 4.265796e+07  6.369989e-03
4.265796e+07 4.365159e+07  6.302179e-03
4.365159e+07 4.466837e+07  6.096627e-03
4.466837e+07 4.570883e+07  5.872079e-03
4.570883e+07 4.677352e+07  5.933523e-03
4.677352e+07 4.786302e+07  5.834138e-03
4.786302e+07 4.897789e+07  5.823237e-03
4.897789e+07 5.011873e+07  5.994142e-03
5.011873e+07 5.128615e+07  5.950870e-03
5.128615e+07 5.248076e+07  5.779495e-03
5.248076e+07 5.370319e+07  5.878618e-03
5.370319e+07 5.495410e+07  5.985670e-03
5.495410e+07 5.623414e+07  5.837652e-03
5.623414e+07 5.754400e+07  5.643393e-03
5.754400e+07 5.888438e+07  5.455747e-03
5.888438e+07 6.025597e+07  5.285024e-03
6.025597e+07 6.165951e+07  5.146363e-03
6.165951e+07 6.309574e+07  5.123992e-03
6.309574e+07 6.456543e+07  5.167275e-03
6.456543e+07 6.606936e+07  5.017178e-03
6.606936e+07 6.760831e+07  4.814570e-03
6.760831e+07 6.918311e+07  4.881832e-03
6.918311e+07 7.079459e+07  4.864914e-03
7.079459e+07 7.244361e+07  4.651050e-03
7.244361e+07 7.413103e+07  4.516005e-03
7.413103e+07 7.585777e+07  4.494012e-03
7.585777e+07 7.762472e+07  4.393610e-03
7.762472e+07 7.943283e+07  4.370857e-03
7.943283e+07 8.128306e+07  4.261150e-03
8.128306e+07 8.317639e+07  4.141534e-03
8.317639e+07 8.511381e+07  4.136409e-03
8.511381e+07 8.709637e+07  3.995927e-03
8.709637e+07 8.912510e+07  3.873654e-03
8.912510e+07 9.120109e+07  3.810220e-03
9.120109e+07 9.332544e+07  3.783667e-03
9.332544e+07 9.549927e+07  3.695960e-03
9.549927e+07 9.772373e+07  3.618754e-03
9.772373e+07 1.000000e+08  3.565431e-03
1.000000e+08 1.023293e+08  3.517196e-03
1.023293e+08 1.047129e+08  3.496092e-03
1.047129e+08 1.071519e+08  3.363770e-03
1.071519e+08 1.096478e+08  3.318843e-03
1.096478e+08 1.122019e+08  3.306653e-03
1.122019e+08 1.148154e+08  3.183151e-03
1.148154e+08 1.174898e+08  3.108149e-03
1.174898e+08 1.202265e+08  3.085709e-03
1.202265e+08 1.230269e+08  3.064077e-03
1.230269e+08 1.258925e+08  3.050863e-03
1.258925e+08 1.288250e+08  3.031244e-03
1.288250e+08 1.318257e+08  2.962727e-03
1.318257e+08 1.348963e+08  2.869115e-03
1.348963e+08 1.380384e+08  2.815732e-03
1.380384e+08 1.412538e+08  2.780191e-03
1.412538e+08 1.445440e+08  2.753156e-03
1.445440e+08 1.479108e+08  2.675883e-03
1.479108e+08 1.513561e+08  2.528768e-03
1.513561e+08 1.548817e+08  2.415042e-03
1.548817e+08 1.584893e+08  2.311508e-03
1.584893e+08 1.621810e+08  2.265204e-03
1.621810e+08 1.659587e+08  2.245617e-03
1.659587e+08 1.698244e+08  2.189442e-03
1.698244e+08 1.737801e+08  2.192663e-03
1.737801e+08 1.778279e+08  2.174388e-03
1.778279e+08 1.819701e+08  2.086491e-03
1.819701e+08 1.862087e+08  2.030511e-03
1.862087e+08 1.905461e+08  1.981123e-03
1.905461e+08 1.949845e+08  1.945070e-03
1.949845e+08 1.995262e+08  1.895223e-03
1.995262e+08 2.041738e+08  1.803550e-03
2.041738e+08 2.089296e+08  1.752524e-03
2.089296e+08 2.137962e+08  1.702466e-03
2.137962e+08 2.187762e+08  1.646808e-03
2.187762e+08 2.238721e+08  1.618744e-03
2.238721e+08 2.290868e+08  1.589806e-03
2.290868e+08 2.344229e+08  1.540758e-03
2.344229e+08 2.398833e+08  1.490405e-03
2.398833e+08 2.454709e+08  1.440540e-03
2.454709e+08 2.511886e+08  1.393997e-03
2.511886e+08 2.570396e+08  1.351346e-03
2.570396e+08 2.630268e+08  1.297573e-03
2.630268e+08 2.691535e+08  1.245534e-03
2.691535e+08 2.754229e+08  1.222184e-03
2.754229e+08 2.818383e+08  1.210359e-03
2.818383e+08 2.884031e+08  1.199090e-03
2.884031e+08 2.951209e+08  1.145803e-03
2.951209e+08 3.019952e+08  1.070313e-03
3.019952e+08 3.090295e+08  1.059964e-03
3.090295e+08 3.162277e+08  1.041213e-03
3.162277e+08 3.235936e+08  9.824093e-04
3.235936e+08 3.311311e+08  9.394558e-04
3.311311e+08 3.388441e+08  9.138653e-04
3.388441e+08 3.467368e+08  8.908228e-04
3.467368e+08 3.548134e+08  8.563826e-04
3.548134e+08 3.630780e+08  8.191609e-04
3.630780e+08 3.715352e+08  7.929007e-04
3.715352e+08 3.801894e+08  7.640278e-04
3.801894e+08 3.890451e+08  7.349470e-04
3.890451e+08 3.981071e+08  7.289849e-04
3.981071e+08 4.073802e+08  6.931456e-04
4.073802e+08 4.168693e+08  6.680694e-04
4.168693e+08 4.265795e+08  6.760056e-04
4.265795e+08 4.365158e+08  6.533759e-04
4.365158e+08 4.466835e+08  6.444153e-04
4.466835e+08 4.570881e+08  6.236365e-04
4.570881e+08 4.677351e+08  5.779565e-04
4.677351e+08 4.786300e+08  5.590777e-04
4.786300e+08 4.897788e+08  5.421824e-04
4.897788e+08 5.011872e+08  5.292428e-04
5.011872e+08 5.128613e+08  5.290540e-04
5.128613e+08 5.248074e+08  5.014291e-04
5.248074e+08 5.370317e+08  4.786136e-04
5.370317e+08 5.495408e+08  4.678691e-04
5.495408e+08 5.623412e+08  4.426553e-04
5.623412e+08 5.754399e+08  4.417089e-04
5.754399e+08 5.888436e+08  4.546411e-04
5.888436e+08 6.025595e+08  4.343850e-04
6.025595e+08 6.165949e+08  4.093077e-04
6.165949e+08 6.309572e+08  3.989629e-04
6.309572e+08 6.456541e+08  3.874927e-04
6.456541e+08 6.606933e+08  3.792334e-04
6.606933e+08 6.760829e+08  3.711179e-04
6.760829e+08 6.918308e+08  3.607357e-04
6.918308e+08 7.079457e+08  3.429813e-04
7.079457e+08 7.244358e+08  3.282345e-04
7.244358e+08 7.413101e+08  3.312042e-04
7.413101e+08 7.585774e+08  3.210443e-04
7.585774e+08 7.762470e+08  3.127933e-04
7.762470e+08 7.943281e+08  3.082433e-04
7.943281e+08 8.128304e+08  2.971876e-04
8.128304e+08 8.317636e+08  2.911625e-04
8.317636e+08 8.511379e+08  2.861500e-04
8.511379e+08 8.709634e+08  2.759547e-04
8.709634e+08 8.912507e+08  2.560794e-04
8.912507e+08 9.120106e+08  2.519804e-04
9.120106e+08 9.332541e+08  2.527990e-04
9.332541e+08 9.549924e+08  2.462204e-04
9.549924e+08 9.772370e+08  2.362615e-04
