#flux integrated over beam size     
#  Elow[eV]     Eup[eV]   n/eV/7E12p
1.00000e-02 1.02329e-02  0.00000e+00
1.02329e-02 1.04713e-02  0.00000e+00
1.04713e-02 1.07152e-02  0.00000e+00
1.07152e-02 1.09648e-02  0.00000e+00
1.09648e-02 1.12202e-02  0.00000e+00
1.12202e-02 1.14815e-02  0.00000e+00
1.14815e-02 1.17490e-02  0.00000e+00
1.17490e-02 1.20226e-02  0.00000e+00
1.20226e-02 1.23027e-02  0.00000e+00
1.23027e-02 1.25892e-02  0.00000e+00
1.25892e-02 1.28825e-02  0.00000e+00
1.28825e-02 1.31826e-02  0.00000e+00
1.31826e-02 1.34896e-02  0.00000e+00
1.34896e-02 1.38038e-02  0.00000e+00
1.38038e-02 1.41254e-02  0.00000e+00
1.41254e-02 1.44544e-02  0.00000e+00
1.44544e-02 1.47911e-02  0.00000e+00
1.47911e-02 1.51356e-02  0.00000e+00
1.51356e-02 1.54882e-02  0.00000e+00
1.54882e-02 1.58489e-02  0.00000e+00
1.58489e-02 1.62181e-02  0.00000e+00
1.62181e-02 1.65959e-02  0.00000e+00
1.65959e-02 1.69824e-02  0.00000e+00
1.69824e-02 1.73780e-02  0.00000e+00
1.73780e-02 1.77828e-02  2.13515e+05
1.77828e-02 1.81970e-02  5.01621e+05
1.81970e-02 1.86209e-02  5.00734e+05
1.86209e-02 1.90546e-02  5.26244e+05
1.90546e-02 1.94985e-02  5.25681e+05
1.94985e-02 1.99526e-02  5.51562e+05
1.99526e-02 2.04174e-02  5.40846e+05
2.04174e-02 2.08930e-02  5.66447e+05
2.08930e-02 2.13796e-02  5.53929e+05
2.13796e-02 2.18776e-02  5.64779e+05
2.18776e-02 2.23872e-02  5.86691e+05
2.23872e-02 2.29087e-02  5.74711e+05
2.29087e-02 2.34423e-02  5.93693e+05
2.34423e-02 2.39883e-02  6.02845e+05
2.39883e-02 2.45471e-02  6.14331e+05
2.45471e-02 2.51189e-02  6.14352e+05
2.51189e-02 2.57040e-02  6.29318e+05
2.57040e-02 2.63027e-02  6.25013e+05
2.63027e-02 2.69154e-02  6.31114e+05
2.69154e-02 2.75423e-02  6.36304e+05
2.75423e-02 2.81838e-02  6.41251e+05
2.81838e-02 2.88403e-02  6.48206e+05
2.88403e-02 2.95121e-02  6.65295e+05
2.95121e-02 3.01995e-02  6.44467e+05
3.01995e-02 3.09029e-02  6.67222e+05
3.09029e-02 3.16228e-02  6.79562e+05
3.16228e-02 3.23594e-02  6.79854e+05
3.23594e-02 3.31131e-02  6.88301e+05
3.31131e-02 3.38844e-02  6.98300e+05
3.38844e-02 3.46737e-02  6.91741e+05
3.46737e-02 3.54813e-02  7.14787e+05
3.54813e-02 3.63078e-02  7.09209e+05
3.63078e-02 3.71535e-02  7.17036e+05
3.71535e-02 3.80189e-02  7.22623e+05
3.80189e-02 3.89045e-02  7.34338e+05
3.89045e-02 3.98107e-02  7.21152e+05
3.98107e-02 4.07380e-02  7.28113e+05
4.07380e-02 4.16869e-02  7.36931e+05
4.16869e-02 4.26580e-02  7.46070e+05
4.26580e-02 4.36516e-02  7.48529e+05
4.36516e-02 4.46684e-02  7.43318e+05
4.46684e-02 4.57088e-02  7.51871e+05
4.57088e-02 4.67735e-02  7.59892e+05
4.67735e-02 4.78630e-02  7.54700e+05
4.78630e-02 4.89779e-02  7.63321e+05
4.89779e-02 5.01187e-02  7.64953e+05
5.01187e-02 5.12861e-02  7.61680e+05
5.12861e-02 5.24807e-02  7.61444e+05
5.24807e-02 5.37032e-02  7.65425e+05
5.37032e-02 5.49541e-02  7.66905e+05
5.49541e-02 5.62341e-02  7.69739e+05
5.62341e-02 5.75440e-02  7.55448e+05
5.75440e-02 5.88844e-02  7.67771e+05
5.88844e-02 6.02560e-02  7.51792e+05
6.02560e-02 6.16595e-02  7.56762e+05
6.16595e-02 6.30957e-02  7.59245e+05
6.30957e-02 6.45654e-02  7.56129e+05
6.45654e-02 6.60693e-02  7.60619e+05
6.60693e-02 6.76083e-02  7.53505e+05
6.76083e-02 6.91831e-02  7.37600e+05
6.91831e-02 7.07946e-02  7.38282e+05
7.07946e-02 7.24436e-02  7.26905e+05
7.24436e-02 7.41310e-02  7.21930e+05
7.41310e-02 7.58578e-02  7.22439e+05
7.58578e-02 7.76247e-02  7.17719e+05
7.76247e-02 7.94328e-02  7.09889e+05
7.94328e-02 8.12831e-02  7.11403e+05
8.12831e-02 8.31764e-02  7.05849e+05
8.31764e-02 8.51138e-02  6.95288e+05
8.51138e-02 8.70964e-02  6.83014e+05
8.70964e-02 8.91251e-02  6.84221e+05
8.91251e-02 9.12011e-02  6.77085e+05
9.12011e-02 9.33254e-02  6.69404e+05
9.33254e-02 9.54993e-02  6.68829e+05
9.54993e-02 9.77237e-02  6.47321e+05
9.77237e-02 1.00000e-01  6.35660e+05
1.00000e-01 1.02329e-01  6.45093e+05
1.02329e-01 1.04713e-01  6.32146e+05
1.04713e-01 1.07152e-01  6.26756e+05
1.07152e-01 1.09648e-01  6.10447e+05
1.09648e-01 1.12202e-01  6.10796e+05
1.12202e-01 1.14815e-01  6.04748e+05
1.14815e-01 1.17490e-01  6.01123e+05
1.17490e-01 1.20226e-01  5.98719e+05
1.20226e-01 1.23027e-01  5.91235e+05
1.23027e-01 1.25892e-01  5.82142e+05
1.25892e-01 1.28825e-01  5.73950e+05
1.28825e-01 1.31826e-01  5.63458e+05
1.31826e-01 1.34896e-01  5.45818e+05
1.34896e-01 1.38038e-01  5.58995e+05
1.38038e-01 1.41254e-01  5.46543e+05
1.41254e-01 1.44544e-01  5.38504e+05
1.44544e-01 1.47911e-01  5.39796e+05
1.47911e-01 1.51356e-01  5.20250e+05
1.51356e-01 1.54882e-01  5.16555e+05
1.54882e-01 1.58489e-01  5.13967e+05
1.58489e-01 1.62181e-01  5.07668e+05
1.62181e-01 1.65959e-01  4.97253e+05
1.65959e-01 1.69824e-01  4.91714e+05
1.69824e-01 1.73780e-01  4.87003e+05
1.73780e-01 1.77828e-01  4.85635e+05
1.77828e-01 1.81970e-01  4.71118e+05
1.81970e-01 1.86209e-01  4.72252e+05
1.86209e-01 1.90546e-01  4.64513e+05
1.90546e-01 1.94985e-01  4.58160e+05
1.94985e-01 1.99526e-01  4.57394e+05
1.99526e-01 2.04174e-01  4.42992e+05
2.04174e-01 2.08930e-01  4.50950e+05
2.08930e-01 2.13796e-01  4.41872e+05
2.13796e-01 2.18776e-01  4.32231e+05
2.18776e-01 2.23872e-01  4.29224e+05
2.23872e-01 2.29087e-01  4.15631e+05
2.29087e-01 2.34423e-01  4.14476e+05
2.34423e-01 2.39883e-01  4.15887e+05
2.39883e-01 2.45471e-01  4.08536e+05
2.45471e-01 2.51189e-01  3.93128e+05
2.51189e-01 2.57040e-01  4.00433e+05
2.57040e-01 2.63027e-01  3.97080e+05
2.63027e-01 2.69153e-01  3.99218e+05
2.69153e-01 2.75423e-01  3.92842e+05
2.75423e-01 2.81838e-01  3.90797e+05
2.81838e-01 2.88403e-01  3.82354e+05
2.88403e-01 2.95121e-01  3.87828e+05
2.95121e-01 3.01995e-01  3.81600e+05
3.01995e-01 3.09030e-01  3.80475e+05
3.09030e-01 3.16228e-01  3.74020e+05
3.16228e-01 3.23594e-01  3.63980e+05
3.23594e-01 3.31131e-01  3.64613e+05
3.31131e-01 3.38844e-01  3.55667e+05
3.38844e-01 3.46737e-01  3.52152e+05
3.46737e-01 3.54813e-01  3.43698e+05
3.54813e-01 3.63078e-01  3.42577e+05
3.63078e-01 3.71535e-01  3.37777e+05
3.71535e-01 3.80189e-01  3.32174e+05
3.80189e-01 3.89045e-01  3.22585e+05
3.89045e-01 3.98107e-01  3.22775e+05
3.98107e-01 4.07380e-01  3.16454e+05
4.07380e-01 4.16869e-01  3.13049e+05
4.16869e-01 4.26580e-01  3.10394e+05
4.26580e-01 4.36516e-01  2.98809e+05
4.36516e-01 4.46684e-01  3.04546e+05
4.46684e-01 4.57088e-01  2.93866e+05
4.57088e-01 4.67735e-01  2.91116e+05
4.67735e-01 4.78630e-01  2.93045e+05
4.78630e-01 4.89779e-01  2.78110e+05
4.89779e-01 5.01187e-01  2.80677e+05
5.01187e-01 5.12861e-01  2.71425e+05
5.12861e-01 5.24807e-01  2.63819e+05
5.24807e-01 5.37032e-01  2.62783e+05
5.37032e-01 5.49541e-01  2.58436e+05
5.49541e-01 5.62341e-01  2.52588e+05
5.62341e-01 5.75440e-01  2.48591e+05
5.75440e-01 5.88844e-01  2.48276e+05
5.88844e-01 6.02560e-01  2.43113e+05
6.02560e-01 6.16595e-01  2.36269e+05
6.16595e-01 6.30957e-01  2.31086e+05
6.30957e-01 6.45654e-01  2.28605e+05
6.45654e-01 6.60694e-01  2.25931e+05
6.60694e-01 6.76083e-01  2.19267e+05
6.76083e-01 6.91831e-01  2.16212e+05
6.91831e-01 7.07946e-01  2.17959e+05
7.07946e-01 7.24436e-01  2.07714e+05
7.24436e-01 7.41310e-01  2.04912e+05
7.41310e-01 7.58578e-01  2.07306e+05
7.58578e-01 7.76247e-01  1.99417e+05
7.76247e-01 7.94328e-01  2.01020e+05
7.94328e-01 8.12831e-01  2.01613e+05
8.12831e-01 8.31764e-01  1.92503e+05
8.31764e-01 8.51138e-01  1.93882e+05
8.51138e-01 8.70964e-01  1.86868e+05
8.70964e-01 8.91251e-01  1.86446e+05
8.91251e-01 9.12011e-01  1.79532e+05
9.12011e-01 9.33254e-01  1.75983e+05
9.33254e-01 9.54993e-01  1.77037e+05
9.54993e-01 9.77237e-01  1.72934e+05
9.77237e-01 1.00000e+00  1.69193e+05
1.00000e+00 1.02329e+00  1.68972e+05
1.02329e+00 1.04713e+00  1.66900e+05
1.04713e+00 1.07152e+00  1.66433e+05
1.07152e+00 1.09648e+00  1.65179e+05
1.09648e+00 1.12202e+00  1.66332e+05
1.12202e+00 1.14815e+00  1.55628e+05
1.14815e+00 1.17490e+00  1.49882e+05
1.17490e+00 1.20226e+00  1.43063e+05
1.20226e+00 1.23027e+00  1.34545e+05
1.23027e+00 1.25893e+00  1.39767e+05
1.25893e+00 1.28825e+00  1.37343e+05
1.28825e+00 1.31826e+00  1.41978e+05
1.31826e+00 1.34896e+00  1.33439e+05
1.34896e+00 1.38038e+00  1.31312e+05
1.38038e+00 1.41254e+00  1.36231e+05
1.41254e+00 1.44544e+00  1.35486e+05
1.44544e+00 1.47911e+00  1.26705e+05
1.47911e+00 1.51356e+00  1.27170e+05
1.51356e+00 1.54882e+00  1.25316e+05
1.54882e+00 1.58489e+00  1.20529e+05
1.58489e+00 1.62181e+00  1.24580e+05
1.62181e+00 1.65959e+00  1.22423e+05
1.65959e+00 1.69824e+00  1.14079e+05
1.69824e+00 1.73780e+00  1.13933e+05
1.73780e+00 1.77828e+00  1.04248e+05
1.77828e+00 1.81970e+00  1.08478e+05
1.81970e+00 1.86209e+00  1.09103e+05
1.86209e+00 1.90546e+00  1.07621e+05
1.90546e+00 1.94985e+00  1.07002e+05
1.94985e+00 1.99526e+00  1.02342e+05
1.99526e+00 2.04174e+00  1.03513e+05
2.04174e+00 2.08930e+00  9.21591e+04
2.08930e+00 2.13796e+00  9.00867e+04
2.13796e+00 2.18776e+00  8.68052e+04
2.18776e+00 2.23872e+00  8.99208e+04
2.23872e+00 2.29087e+00  8.94555e+04
2.29087e+00 2.34423e+00  8.51812e+04
2.34423e+00 2.39883e+00  8.00092e+04
2.39883e+00 2.45471e+00  7.62736e+04
2.45471e+00 2.51189e+00  7.93027e+04
2.51189e+00 2.57040e+00  7.66758e+04
2.57040e+00 2.63027e+00  7.79656e+04
2.63027e+00 2.69154e+00  7.59980e+04
2.69154e+00 2.75423e+00  7.64043e+04
2.75423e+00 2.81838e+00  7.26775e+04
2.81838e+00 2.88403e+00  7.35992e+04
2.88403e+00 2.95121e+00  7.17995e+04
2.95121e+00 3.01995e+00  7.33001e+04
3.01995e+00 3.09029e+00  7.13952e+04
3.09029e+00 3.16228e+00  6.90194e+04
3.16228e+00 3.23594e+00  6.77743e+04
3.23594e+00 3.31131e+00  6.49006e+04
3.31131e+00 3.38844e+00  6.18378e+04
3.38844e+00 3.46737e+00  6.31925e+04
3.46737e+00 3.54813e+00  6.33327e+04
3.54813e+00 3.63078e+00  6.17725e+04
3.63078e+00 3.71535e+00  5.99678e+04
3.71535e+00 3.80189e+00  5.97218e+04
3.80189e+00 3.89045e+00  5.57757e+04
3.89045e+00 3.98107e+00  5.65491e+04
3.98107e+00 4.07380e+00  5.27162e+04
4.07380e+00 4.16869e+00  5.03739e+04
4.16869e+00 4.26579e+00  5.43386e+04
4.26579e+00 4.36516e+00  4.93748e+04
4.36516e+00 4.46684e+00  5.14274e+04
4.46684e+00 4.57088e+00  5.10390e+04
4.57088e+00 4.67735e+00  4.89263e+04
4.67735e+00 4.78630e+00  4.35700e+04
4.78630e+00 4.89779e+00  4.66964e+04
4.89779e+00 5.01187e+00  5.03695e+04
5.01187e+00 5.12861e+00  4.50229e+04
5.12861e+00 5.24808e+00  4.50258e+04
5.24808e+00 5.37032e+00  4.12032e+04
5.37032e+00 5.49541e+00  3.98420e+04
5.49541e+00 5.62341e+00  4.09524e+04
5.62341e+00 5.75440e+00  4.08225e+04
5.75440e+00 5.88844e+00  4.22193e+04
5.88844e+00 6.02560e+00  4.36683e+04
6.02560e+00 6.16595e+00  4.11624e+04
6.16595e+00 6.30957e+00  3.86523e+04
6.30957e+00 6.45654e+00  3.78815e+04
6.45654e+00 6.60694e+00  3.97993e+04
6.60694e+00 6.76083e+00  3.57217e+04
6.76083e+00 6.91831e+00  3.75746e+04
6.91831e+00 7.07946e+00  3.45265e+04
7.07946e+00 7.24436e+00  3.50975e+04
7.24436e+00 7.41310e+00  3.65566e+04
7.41310e+00 7.58578e+00  3.27099e+04
7.58578e+00 7.76247e+00  3.27372e+04
7.76247e+00 7.94328e+00  3.07078e+04
7.94328e+00 8.12830e+00  3.30328e+04
8.12830e+00 8.31764e+00  3.31578e+04
8.31764e+00 8.51138e+00  3.16177e+04
8.51138e+00 8.70964e+00  2.84095e+04
8.70964e+00 8.91251e+00  2.82374e+04
8.91251e+00 9.12011e+00  2.90551e+04
9.12011e+00 9.33254e+00  2.68796e+04
9.33254e+00 9.54993e+00  2.80156e+04
9.54993e+00 9.77237e+00  2.57661e+04
9.77237e+00 1.00000e+01  2.49747e+04
1.00000e+01 1.02329e+01  2.61174e+04
1.02329e+01 1.04713e+01  2.49830e+04
1.04713e+01 1.07152e+01  2.45986e+04
1.07152e+01 1.09648e+01  2.29397e+04
1.09648e+01 1.12202e+01  2.31775e+04
1.12202e+01 1.14815e+01  2.30568e+04
1.14815e+01 1.17490e+01  2.19395e+04
1.17490e+01 1.20226e+01  2.30017e+04
1.20226e+01 1.23027e+01  2.00837e+04
1.23027e+01 1.25892e+01  2.11576e+04
1.25892e+01 1.28825e+01  2.22391e+04
1.28825e+01 1.31826e+01  2.24546e+04
1.31826e+01 1.34896e+01  2.06655e+04
1.34896e+01 1.38038e+01  1.95254e+04
1.38038e+01 1.41254e+01  1.88714e+04
1.41254e+01 1.44544e+01  1.83927e+04
1.44544e+01 1.47911e+01  1.81862e+04
1.47911e+01 1.51356e+01  1.82297e+04
1.51356e+01 1.54882e+01  1.80265e+04
1.54882e+01 1.58489e+01  1.81493e+04
1.58489e+01 1.62181e+01  1.64489e+04
1.62181e+01 1.65959e+01  1.60707e+04
1.65959e+01 1.69824e+01  1.62422e+04
1.69824e+01 1.73780e+01  1.51995e+04
1.73780e+01 1.77828e+01  1.66432e+04
1.77828e+01 1.81970e+01  1.48598e+04
1.81970e+01 1.86209e+01  1.67214e+04
1.86209e+01 1.90546e+01  1.59278e+04
1.90546e+01 1.94984e+01  1.40189e+04
1.94984e+01 1.99526e+01  1.48823e+04
1.99526e+01 2.04174e+01  1.45134e+04
2.04174e+01 2.08930e+01  1.50605e+04
2.08930e+01 2.13796e+01  1.39277e+04
2.13796e+01 2.18776e+01  1.46292e+04
2.18776e+01 2.23872e+01  1.42412e+04
2.23872e+01 2.29087e+01  1.29758e+04
2.29087e+01 2.34423e+01  1.31930e+04
2.34423e+01 2.39883e+01  1.20003e+04
2.39883e+01 2.45471e+01  1.10897e+04
2.45471e+01 2.51189e+01  1.15542e+04
2.51189e+01 2.57040e+01  1.14509e+04
2.57040e+01 2.63027e+01  1.09914e+04
2.63027e+01 2.69154e+01  1.07408e+04
2.69154e+01 2.75423e+01  1.14598e+04
2.75423e+01 2.81838e+01  1.06358e+04
2.81838e+01 2.88403e+01  1.03710e+04
2.88403e+01 2.95121e+01  1.30600e+04
2.95121e+01 3.01995e+01  1.17490e+04
3.01995e+01 3.09030e+01  1.02514e+04
3.09030e+01 3.16228e+01  1.07558e+04
3.16228e+01 3.23594e+01  9.34360e+03
3.23594e+01 3.31131e+01  1.05947e+04
3.31131e+01 3.38844e+01  9.11428e+03
3.38844e+01 3.46737e+01  9.03920e+03
3.46737e+01 3.54813e+01  8.24168e+03
3.54813e+01 3.63078e+01  8.17685e+03
3.63078e+01 3.71535e+01  8.22828e+03
3.71535e+01 3.80189e+01  8.05661e+03
3.80189e+01 3.89045e+01  8.39550e+03
3.89045e+01 3.98107e+01  7.60743e+03
3.98107e+01 4.07380e+01  7.51445e+03
4.07380e+01 4.16869e+01  7.22244e+03
4.16869e+01 4.26579e+01  7.41958e+03
4.26579e+01 4.36516e+01  7.31425e+03
4.36516e+01 4.46684e+01  7.23095e+03
4.46684e+01 4.57088e+01  6.57528e+03
4.57088e+01 4.67735e+01  7.14554e+03
4.67735e+01 4.78630e+01  6.48893e+03
4.78630e+01 4.89779e+01  6.15283e+03
4.89779e+01 5.01187e+01  6.38893e+03
5.01187e+01 5.12861e+01  6.19811e+03
5.12861e+01 5.24808e+01  5.91434e+03
5.24808e+01 5.37032e+01  5.99963e+03
5.37032e+01 5.49541e+01  6.24587e+03
5.49541e+01 5.62341e+01  5.74991e+03
5.62341e+01 5.75440e+01  5.55884e+03
5.75440e+01 5.88844e+01  5.32278e+03
5.88844e+01 6.02560e+01  5.43830e+03
6.02560e+01 6.16595e+01  5.04911e+03
6.16595e+01 6.30957e+01  5.23693e+03
6.30957e+01 6.45654e+01  4.64680e+03
6.45654e+01 6.60693e+01  4.69676e+03
6.60693e+01 6.76083e+01  4.98008e+03
6.76083e+01 6.91831e+01  5.37739e+03
6.91831e+01 7.07946e+01  4.58025e+03
7.07946e+01 7.24436e+01  4.62907e+03
7.24436e+01 7.41310e+01  4.65933e+03
7.41310e+01 7.58578e+01  4.08451e+03
7.58578e+01 7.76247e+01  4.05251e+03
7.76247e+01 7.94328e+01  3.87429e+03
7.94328e+01 8.12831e+01  3.98235e+03
8.12831e+01 8.31764e+01  4.08222e+03
8.31764e+01 8.51138e+01  3.78740e+03
8.51138e+01 8.70964e+01  3.63629e+03
8.70964e+01 8.91251e+01  3.55263e+03
8.91251e+01 9.12011e+01  3.73888e+03
9.12011e+01 9.33254e+01  3.48465e+03
9.33254e+01 9.54993e+01  3.60209e+03
9.54993e+01 9.77237e+01  3.41744e+03
9.77237e+01 1.00000e+02  3.38405e+03
1.00000e+02 1.02329e+02  3.14646e+03
1.02329e+02 1.04713e+02  2.84661e+03
1.04713e+02 1.07152e+02  3.02035e+03
1.07152e+02 1.09648e+02  2.66222e+03
1.09648e+02 1.12202e+02  2.56485e+03
1.12202e+02 1.14815e+02  2.86632e+03
1.14815e+02 1.17490e+02  2.78871e+03
1.17490e+02 1.20226e+02  2.77845e+03
1.20226e+02 1.23027e+02  2.48230e+03
1.23027e+02 1.25892e+02  2.61621e+03
1.25892e+02 1.28825e+02  2.42468e+03
1.28825e+02 1.31826e+02  2.57457e+03
1.31826e+02 1.34896e+02  2.45828e+03
1.34896e+02 1.38038e+02  2.23785e+03
1.38038e+02 1.41254e+02  2.31519e+03
1.41254e+02 1.44544e+02  2.17297e+03
1.44544e+02 1.47911e+02  2.16730e+03
1.47911e+02 1.51356e+02  2.15314e+03
1.51356e+02 1.54882e+02  2.27767e+03
1.54882e+02 1.58489e+02  2.22091e+03
1.58489e+02 1.62181e+02  2.12022e+03
1.62181e+02 1.65959e+02  2.08285e+03
1.65959e+02 1.69824e+02  1.94972e+03
1.69824e+02 1.73780e+02  2.17693e+03
1.73780e+02 1.77828e+02  1.88234e+03
1.77828e+02 1.81970e+02  1.89836e+03
1.81970e+02 1.86209e+02  1.84648e+03
1.86209e+02 1.90546e+02  1.75379e+03
1.90546e+02 1.94984e+02  1.71857e+03
1.94984e+02 1.99526e+02  1.70416e+03
1.99526e+02 2.04174e+02  1.66889e+03
2.04174e+02 2.08930e+02  1.63680e+03
2.08930e+02 2.13796e+02  1.57832e+03
2.13796e+02 2.18776e+02  1.68298e+03
2.18776e+02 2.23872e+02  1.54669e+03
2.23872e+02 2.29087e+02  1.55203e+03
2.29087e+02 2.34423e+02  1.45258e+03
2.34423e+02 2.39883e+02  1.46053e+03
2.39883e+02 2.45471e+02  1.37771e+03
2.45471e+02 2.51189e+02  1.37634e+03
2.51189e+02 2.57040e+02  1.26063e+03
2.57040e+02 2.63027e+02  1.30558e+03
2.63027e+02 2.69154e+02  1.33733e+03
2.69154e+02 2.75423e+02  1.20570e+03
2.75423e+02 2.81838e+02  1.25117e+03
2.81838e+02 2.88403e+02  1.22637e+03
2.88403e+02 2.95121e+02  1.19851e+03
2.95121e+02 3.01995e+02  1.16261e+03
3.01995e+02 3.09029e+02  1.12132e+03
3.09029e+02 3.16228e+02  1.12002e+03
3.16228e+02 3.23594e+02  1.05077e+03
3.23594e+02 3.31131e+02  8.96329e+02
3.31131e+02 3.38844e+02  7.70534e+02
3.38844e+02 3.46737e+02  6.96649e+02
3.46737e+02 3.54813e+02  8.15675e+02
3.54813e+02 3.63078e+02  8.54748e+02
3.63078e+02 3.71535e+02  8.90766e+02
3.71535e+02 3.80189e+02  8.70589e+02
3.80189e+02 3.89045e+02  9.06876e+02
3.89045e+02 3.98107e+02  8.81020e+02
3.98107e+02 4.07380e+02  8.40363e+02
4.07380e+02 4.16869e+02  8.25101e+02
4.16869e+02 4.26579e+02  8.02978e+02
4.26579e+02 4.36516e+02  7.89579e+02
4.36516e+02 4.46684e+02  7.37387e+02
4.46684e+02 4.57088e+02  7.87734e+02
4.57088e+02 4.67735e+02  7.57579e+02
4.67735e+02 4.78630e+02  7.95215e+02
4.78630e+02 4.89779e+02  7.19103e+02
4.89779e+02 5.01187e+02  7.24893e+02
5.01187e+02 5.12861e+02  6.83153e+02
5.12861e+02 5.24807e+02  6.82827e+02
5.24807e+02 5.37032e+02  6.82107e+02
5.37032e+02 5.49541e+02  6.44075e+02
5.49541e+02 5.62341e+02  6.46932e+02
5.62341e+02 5.75440e+02  6.49384e+02
5.75440e+02 5.88844e+02  6.16075e+02
5.88844e+02 6.02560e+02  6.03660e+02
6.02560e+02 6.16595e+02  5.78889e+02
6.16595e+02 6.30957e+02  5.95201e+02
6.30957e+02 6.45654e+02  5.54360e+02
6.45654e+02 6.60693e+02  5.59225e+02
6.60693e+02 6.76083e+02  5.61263e+02
6.76083e+02 6.91831e+02  5.38764e+02
6.91831e+02 7.07946e+02  5.01375e+02
7.07946e+02 7.24436e+02  4.94891e+02
7.24436e+02 7.41310e+02  4.79594e+02
7.41310e+02 7.58578e+02  4.98267e+02
7.58578e+02 7.76247e+02  4.82682e+02
7.76247e+02 7.94328e+02  4.58120e+02
7.94328e+02 8.12831e+02  4.01122e+02
8.12831e+02 8.31764e+02  4.14223e+02
8.31764e+02 8.51138e+02  4.55653e+02
8.51138e+02 8.70964e+02  4.18156e+02
8.70964e+02 8.91251e+02  4.46741e+02
8.91251e+02 9.12011e+02  4.10090e+02
9.12011e+02 9.33254e+02  3.86656e+02
9.33254e+02 9.54993e+02  3.77632e+02
9.54993e+02 9.77237e+02  4.03815e+02
9.77237e+02 1.00000e+03  3.86069e+02
1.00000e+03 1.02329e+03  3.82888e+02
1.02329e+03 1.04713e+03  3.76686e+02
1.04713e+03 1.07152e+03  3.46652e+02
1.07152e+03 1.09648e+03  3.25003e+02
1.09648e+03 1.12202e+03  3.01876e+02
1.12202e+03 1.14815e+03  3.27296e+02
1.14815e+03 1.17490e+03  3.21455e+02
1.17490e+03 1.20226e+03  3.25016e+02
1.20226e+03 1.23027e+03  3.26656e+02
1.23027e+03 1.25892e+03  3.10762e+02
1.25892e+03 1.28825e+03  3.18882e+02
1.28825e+03 1.31826e+03  2.89262e+02
1.31826e+03 1.34896e+03  2.76721e+02
1.34896e+03 1.38038e+03  2.84334e+02
1.38038e+03 1.41254e+03  2.77406e+02
1.41254e+03 1.44544e+03  2.78039e+02
1.44544e+03 1.47911e+03  2.51346e+02
1.47911e+03 1.51356e+03  2.58743e+02
1.51356e+03 1.54882e+03  2.48575e+02
1.54882e+03 1.58489e+03  2.45352e+02
1.58489e+03 1.62181e+03  2.43233e+02
1.62181e+03 1.65959e+03  2.38808e+02
1.65959e+03 1.69824e+03  2.38963e+02
1.69824e+03 1.73780e+03  2.33667e+02
1.73780e+03 1.77828e+03  2.26187e+02
1.77828e+03 1.81970e+03  2.21268e+02
1.81970e+03 1.86209e+03  2.09178e+02
1.86209e+03 1.90546e+03  2.10446e+02
1.90546e+03 1.94985e+03  2.05127e+02
1.94985e+03 1.99526e+03  2.11967e+02
1.99526e+03 2.04174e+03  1.95842e+02
2.04174e+03 2.08930e+03  1.82174e+02
2.08930e+03 2.13796e+03  1.73034e+02
2.13796e+03 2.18776e+03  1.79049e+02
2.18776e+03 2.23872e+03  1.73335e+02
2.23872e+03 2.29087e+03  1.76256e+02
2.29087e+03 2.34423e+03  1.55584e+02
2.34423e+03 2.39883e+03  1.28364e+02
2.39883e+03 2.45471e+03  1.61026e+02
2.45471e+03 2.51189e+03  1.28578e+02
2.51189e+03 2.57040e+03  1.57168e+02
2.57040e+03 2.63027e+03  1.35038e+02
2.63027e+03 2.69153e+03  1.15695e+02
2.69153e+03 2.75423e+03  1.20159e+02
2.75423e+03 2.81838e+03  1.46306e+02
2.81838e+03 2.88403e+03  1.34932e+02
2.88403e+03 2.95121e+03  1.21369e+02
2.95121e+03 3.01995e+03  1.21871e+02
3.01995e+03 3.09030e+03  1.36391e+02
3.09030e+03 3.16228e+03  1.22053e+02
3.16228e+03 3.23594e+03  1.06116e+02
3.23594e+03 3.31131e+03  1.43188e+02
3.31131e+03 3.38844e+03  9.18840e+01
3.38844e+03 3.46737e+03  1.08311e+02
3.46737e+03 3.54813e+03  1.16431e+02
3.54813e+03 3.63078e+03  1.17403e+02
3.63078e+03 3.71535e+03  1.06295e+02
3.71535e+03 3.80189e+03  9.71101e+01
3.80189e+03 3.89045e+03  1.03172e+02
3.89045e+03 3.98107e+03  1.05366e+02
3.98107e+03 4.07380e+03  1.02029e+02
4.07380e+03 4.16869e+03  9.14259e+01
4.16869e+03 4.26580e+03  9.84572e+01
4.26580e+03 4.36516e+03  9.50696e+01
4.36516e+03 4.46684e+03  9.88748e+01
4.46684e+03 4.57088e+03  9.28748e+01
4.57088e+03 4.67735e+03  8.81923e+01
4.67735e+03 4.78630e+03  8.26511e+01
4.78630e+03 4.89779e+03  8.55831e+01
4.89779e+03 5.01187e+03  7.43319e+01
5.01187e+03 5.12861e+03  9.20777e+01
5.12861e+03 5.24807e+03  7.49786e+01
5.24807e+03 5.37032e+03  8.08329e+01
5.37032e+03 5.49541e+03  7.54651e+01
5.49541e+03 5.62341e+03  8.08992e+01
5.62341e+03 5.75440e+03  6.45178e+01
5.75440e+03 5.88844e+03  6.97732e+01
5.88844e+03 6.02560e+03  4.98216e+01
6.02560e+03 6.16595e+03  7.12293e+01
6.16595e+03 6.30957e+03  6.15908e+01
6.30957e+03 6.45654e+03  6.98418e+01
6.45654e+03 6.60694e+03  6.54038e+01
6.60694e+03 6.76083e+03  5.70682e+01
6.76083e+03 6.91831e+03  6.07466e+01
6.91831e+03 7.07946e+03  6.26835e+01
7.07946e+03 7.24436e+03  5.38911e+01
7.24436e+03 7.41310e+03  5.94536e+01
7.41310e+03 7.58578e+03  5.29039e+01
7.58578e+03 7.76247e+03  5.24148e+01
7.76247e+03 7.94328e+03  5.55915e+01
7.94328e+03 8.12831e+03  5.49387e+01
8.12831e+03 8.31764e+03  4.82676e+01
8.31764e+03 8.51138e+03  5.22345e+01
8.51138e+03 8.70964e+03  5.05370e+01
8.70964e+03 8.91251e+03  5.14016e+01
8.91251e+03 9.12011e+03  4.70187e+01
9.12011e+03 9.33254e+03  4.42547e+01
9.33254e+03 9.54993e+03  4.65748e+01
9.54993e+03 9.77237e+03  4.25974e+01
9.77237e+03 1.00000e+04  4.74759e+01
1.00000e+04 1.02329e+04  4.13815e+01
1.02329e+04 1.04713e+04  4.15328e+01
1.04713e+04 1.07152e+04  4.04222e+01
1.07152e+04 1.09648e+04  3.86542e+01
1.09648e+04 1.12202e+04  3.78998e+01
1.12202e+04 1.14815e+04  3.95345e+01
1.14815e+04 1.17490e+04  3.67840e+01
1.17490e+04 1.20226e+04  3.91625e+01
1.20226e+04 1.23027e+04  3.93050e+01
1.23027e+04 1.25892e+04  3.57445e+01
1.25892e+04 1.28825e+04  3.34972e+01
1.28825e+04 1.31826e+04  3.38357e+01
1.31826e+04 1.34896e+04  3.50251e+01
1.34896e+04 1.38038e+04  3.31499e+01
1.38038e+04 1.41254e+04  3.35884e+01
1.41254e+04 1.44544e+04  3.05313e+01
1.44544e+04 1.47911e+04  3.18037e+01
1.47911e+04 1.51356e+04  3.00460e+01
1.51356e+04 1.54882e+04  2.85976e+01
1.54882e+04 1.58489e+04  3.06763e+01
1.58489e+04 1.62181e+04  3.08730e+01
1.62181e+04 1.65959e+04  2.81314e+01
1.65959e+04 1.69824e+04  2.83037e+01
1.69824e+04 1.73780e+04  2.74387e+01
1.73780e+04 1.77828e+04  2.78130e+01
1.77828e+04 1.81970e+04  2.71686e+01
1.81970e+04 1.86209e+04  2.61844e+01
1.86209e+04 1.90546e+04  2.66859e+01
1.90546e+04 1.94985e+04  2.69132e+01
1.94985e+04 1.99526e+04  2.38867e+01
1.99526e+04 2.04174e+04  2.53829e+01
2.04174e+04 2.08930e+04  2.33796e+01
2.08930e+04 2.13796e+04  2.31773e+01
2.13796e+04 2.18776e+04  2.35858e+01
2.18776e+04 2.23872e+04  2.45129e+01
2.23872e+04 2.29087e+04  2.02964e+01
2.29087e+04 2.34423e+04  2.10251e+01
2.34423e+04 2.39883e+04  2.25946e+01
2.39883e+04 2.45471e+04  2.13538e+01
2.45471e+04 2.51189e+04  2.25424e+01
2.51189e+04 2.57040e+04  2.32063e+01
2.57040e+04 2.63027e+04  2.13093e+01
2.63027e+04 2.69153e+04  2.07982e+01
2.69153e+04 2.75423e+04  1.98621e+01
2.75423e+04 2.81838e+04  2.03834e+01
2.81838e+04 2.88403e+04  1.94019e+01
2.88403e+04 2.95121e+04  2.11607e+01
2.95121e+04 3.01995e+04  1.80910e+01
3.01995e+04 3.09030e+04  1.96826e+01
3.09030e+04 3.16228e+04  1.82370e+01
3.16228e+04 3.23594e+04  1.64526e+01
3.23594e+04 3.31131e+04  1.39345e+01
3.31131e+04 3.38844e+04  1.30310e+01
3.38844e+04 3.46737e+04  8.86851e+00
3.46737e+04 3.54813e+04  8.06310e+00
3.54813e+04 3.63078e+04  8.81363e+00
3.63078e+04 3.71535e+04  1.04553e+01
3.71535e+04 3.80189e+04  1.20093e+01
3.80189e+04 3.89045e+04  1.11141e+01
3.89045e+04 3.98107e+04  1.23339e+01
3.98107e+04 4.07380e+04  1.21903e+01
4.07380e+04 4.16869e+04  1.15517e+01
4.16869e+04 4.26579e+04  1.32308e+01
4.26579e+04 4.36516e+04  1.22682e+01
4.36516e+04 4.46684e+04  1.24741e+01
4.46684e+04 4.57088e+04  1.25742e+01
4.57088e+04 4.67735e+04  1.18978e+01
4.67735e+04 4.78630e+04  1.27546e+01
4.78630e+04 4.89779e+04  1.18338e+01
4.89779e+04 5.01187e+04  1.20659e+01
5.01187e+04 5.12861e+04  1.19687e+01
5.12861e+04 5.24808e+04  1.21793e+01
5.24808e+04 5.37032e+04  1.14453e+01
5.37032e+04 5.49541e+04  1.24205e+01
5.49541e+04 5.62341e+04  1.24652e+01
5.62341e+04 5.75440e+04  1.22791e+01
5.75440e+04 5.88844e+04  1.22740e+01
5.88844e+04 6.02560e+04  1.18533e+01
6.02560e+04 6.16595e+04  1.17267e+01
6.16595e+04 6.30957e+04  1.14224e+01
6.30957e+04 6.45654e+04  1.19720e+01
6.45654e+04 6.60693e+04  1.06470e+01
6.60693e+04 6.76083e+04  1.16174e+01
6.76083e+04 6.91831e+04  1.18459e+01
6.91831e+04 7.07946e+04  1.08059e+01
7.07946e+04 7.24436e+04  1.23666e+01
7.24436e+04 7.41310e+04  1.07832e+01
7.41310e+04 7.58578e+04  1.05177e+01
7.58578e+04 7.76247e+04  9.58212e+00
7.76247e+04 7.94328e+04  9.81127e+00
7.94328e+04 8.12831e+04  8.24402e+00
8.12831e+04 8.31764e+04  7.46368e+00
8.31764e+04 8.51138e+04  6.71468e+00
8.51138e+04 8.70964e+04  5.54784e+00
8.70964e+04 8.91251e+04  5.55393e+00
8.91251e+04 9.12011e+04  5.73128e+00
9.12011e+04 9.33254e+04  5.97521e+00
9.33254e+04 9.54993e+04  6.65984e+00
9.54993e+04 9.77237e+04  7.25206e+00
9.77237e+04 1.00000e+05  7.42140e+00
1.00000e+05 1.02329e+05  7.64341e+00
1.02329e+05 1.04713e+05  8.14385e+00
1.04713e+05 1.07152e+05  8.15608e+00
1.07152e+05 1.09648e+05  8.65899e+00
1.09648e+05 1.12202e+05  7.73856e+00
1.12202e+05 1.14815e+05  7.74382e+00
1.14815e+05 1.17490e+05  8.28733e+00
1.17490e+05 1.20226e+05  6.89268e+00
1.20226e+05 1.23027e+05  6.96362e+00
1.23027e+05 1.25892e+05  8.86438e+00
1.25892e+05 1.28825e+05  8.91233e+00
1.28825e+05 1.31826e+05  8.52614e+00
1.31826e+05 1.34896e+05  8.22891e+00
1.34896e+05 1.38038e+05  7.22909e+00
1.38038e+05 1.41254e+05  5.82328e+00
1.41254e+05 1.44544e+05  5.41746e+00
1.44544e+05 1.47911e+05  5.17479e+00
1.47911e+05 1.51356e+05  5.37471e+00
1.51356e+05 1.54882e+05  5.69735e+00
1.54882e+05 1.58489e+05  5.14747e+00
1.58489e+05 1.62181e+05  5.25162e+00
1.62181e+05 1.65959e+05  6.10522e+00
1.65959e+05 1.69824e+05  6.34172e+00
1.69824e+05 1.73780e+05  6.52195e+00
1.73780e+05 1.77828e+05  6.76275e+00
1.77828e+05 1.81970e+05  6.26768e+00
1.81970e+05 1.86209e+05  6.67791e+00
1.86209e+05 1.90546e+05  6.93621e+00
1.90546e+05 1.94984e+05  7.11644e+00
1.94984e+05 1.99526e+05  6.40712e+00
1.99526e+05 2.04174e+05  5.61607e+00
2.04174e+05 2.08930e+05  5.45871e+00
2.08930e+05 2.13796e+05  5.51606e+00
2.13796e+05 2.18776e+05  5.75488e+00
2.18776e+05 2.23872e+05  5.92811e+00
2.23872e+05 2.29087e+05  6.17766e+00
2.29087e+05 2.34423e+05  6.49843e+00
2.34423e+05 2.39883e+05  6.13977e+00
2.39883e+05 2.45471e+05  6.30557e+00
2.45471e+05 2.51189e+05  6.36829e+00
2.51189e+05 2.57040e+05  6.59441e+00
2.57040e+05 2.63027e+05  6.26287e+00
2.63027e+05 2.69154e+05  6.63353e+00
2.69154e+05 2.75423e+05  6.71901e+00
2.75423e+05 2.81838e+05  5.32699e+00
2.81838e+05 2.88403e+05  5.31713e+00
2.88403e+05 2.95121e+05  5.16687e+00
2.95121e+05 3.01995e+05  5.47938e+00
3.01995e+05 3.09030e+05  5.43989e+00
3.09030e+05 3.16228e+05  5.24860e+00
3.16228e+05 3.23594e+05  5.65022e+00
3.23594e+05 3.31131e+05  6.10882e+00
3.31131e+05 3.38844e+05  6.05846e+00
3.38844e+05 3.46737e+05  6.07154e+00
3.46737e+05 3.54813e+05  5.35937e+00
3.54813e+05 3.63078e+05  5.23335e+00
3.63078e+05 3.71535e+05  4.66408e+00
3.71535e+05 3.80189e+05  5.86520e+00
3.80189e+05 3.89045e+05  5.42170e+00
3.89045e+05 3.98107e+05  5.25440e+00
3.98107e+05 4.07380e+05  4.77139e+00
4.07380e+05 4.16869e+05  4.12569e+00
4.16869e+05 4.26580e+05  3.44557e+00
4.26580e+05 4.36516e+05  3.33571e+00
4.36516e+05 4.46684e+05  3.57137e+00
4.46684e+05 4.57088e+05  4.07104e+00
4.57088e+05 4.67735e+05  4.76723e+00
4.67735e+05 4.78630e+05  5.43679e+00
4.78630e+05 4.89779e+05  6.08181e+00
4.89779e+05 5.01187e+05  6.27389e+00
5.01187e+05 5.12861e+05  6.35103e+00
5.12861e+05 5.24807e+05  5.41149e+00
5.24807e+05 5.37032e+05  5.19345e+00
5.37032e+05 5.49541e+05  5.87540e+00
5.49541e+05 5.62341e+05  5.54311e+00
5.62341e+05 5.75440e+05  5.10788e+00
5.75440e+05 5.88844e+05  5.25335e+00
5.88844e+05 6.02560e+05  5.32681e+00
6.02560e+05 6.16595e+05  5.46173e+00
6.16595e+05 6.30957e+05  5.00670e+00
6.30957e+05 6.45654e+05  4.91554e+00
6.45654e+05 6.60693e+05  4.97761e+00
6.60693e+05 6.76083e+05  5.20129e+00
6.76083e+05 6.91831e+05  5.28618e+00
6.91831e+05 7.07946e+05  5.06024e+00
7.07946e+05 7.24436e+05  4.49333e+00
7.24436e+05 7.41310e+05  4.72536e+00
7.41310e+05 7.58578e+05  4.78582e+00
7.58578e+05 7.76247e+05  4.46586e+00
7.76247e+05 7.94328e+05  3.81805e+00
7.94328e+05 8.12830e+05  3.83700e+00
8.12830e+05 8.31764e+05  3.88621e+00
8.31764e+05 8.51138e+05  3.79509e+00
8.51138e+05 8.70964e+05  3.84049e+00
8.70964e+05 8.91251e+05  4.07199e+00
8.91251e+05 9.12011e+05  4.06945e+00
9.12011e+05 9.33254e+05  3.81312e+00
9.33254e+05 9.54993e+05  3.39189e+00
9.54993e+05 9.77237e+05  3.12119e+00
9.77237e+05 1.00000e+06  2.79447e+00
1.00000e+06 1.02329e+06  2.63841e+00
1.02329e+06 1.04713e+06  2.83959e+00
1.04713e+06 1.07152e+06  3.35758e+00
1.07152e+06 1.09648e+06  3.48223e+00
1.09648e+06 1.12202e+06  3.27438e+00
1.12202e+06 1.14815e+06  3.11228e+00
1.14815e+06 1.17490e+06  3.08422e+00
1.17490e+06 1.20226e+06  3.24410e+00
1.20226e+06 1.23027e+06  3.38793e+00
1.23027e+06 1.25892e+06  3.21648e+00
1.25892e+06 1.28825e+06  2.99167e+00
1.28825e+06 1.31826e+06  2.62042e+00
1.31826e+06 1.34896e+06  2.74982e+00
1.34896e+06 1.38038e+06  2.86890e+00
1.38038e+06 1.41254e+06  2.85724e+00
1.41254e+06 1.44544e+06  2.76620e+00
1.44544e+06 1.47911e+06  2.60887e+00
1.47911e+06 1.51356e+06  2.73887e+00
1.51356e+06 1.54882e+06  2.66579e+00
1.54882e+06 1.58489e+06  2.75833e+00
1.58489e+06 1.62181e+06  2.48226e+00
1.62181e+06 1.65959e+06  2.32794e+00
1.65959e+06 1.69824e+06  2.13621e+00
1.69824e+06 1.73780e+06  1.98044e+00
1.73780e+06 1.77828e+06  2.21468e+00
1.77828e+06 1.81970e+06  2.28994e+00
1.81970e+06 1.86209e+06  2.12051e+00
1.86209e+06 1.90546e+06  1.86064e+00
1.90546e+06 1.94984e+06  1.78886e+00
1.94984e+06 1.99526e+06  1.91772e+00
1.99526e+06 2.04174e+06  1.66140e+00
2.04174e+06 2.08930e+06  1.64057e+00
2.08930e+06 2.13796e+06  1.67557e+00
2.13796e+06 2.18776e+06  1.53466e+00
2.18776e+06 2.23872e+06  1.54373e+00
2.23872e+06 2.29087e+06  1.39152e+00
2.29087e+06 2.34423e+06  1.35313e+00
2.34423e+06 2.39883e+06  1.38039e+00
2.39883e+06 2.45471e+06  1.40644e+00
2.45471e+06 2.51189e+06  1.15707e+00
2.51189e+06 2.57040e+06  1.05806e+00
2.57040e+06 2.63027e+06  9.73645e-01
2.63027e+06 2.69154e+06  9.28383e-01
2.69154e+06 2.75423e+06  8.72771e-01
2.75423e+06 2.81838e+06  8.59054e-01
2.81838e+06 2.88403e+06  7.93146e-01
2.88403e+06 2.95121e+06  7.31759e-01
2.95121e+06 3.01995e+06  6.66187e-01
3.01995e+06 3.09030e+06  6.64731e-01
3.09030e+06 3.16228e+06  6.36040e-01
3.16228e+06 3.23594e+06  5.58292e-01
3.23594e+06 3.31131e+06  4.78707e-01
3.31131e+06 3.38844e+06  4.38850e-01
3.38844e+06 3.46737e+06  4.55665e-01
3.46737e+06 3.54813e+06  4.24084e-01
3.54813e+06 3.63078e+06  3.83069e-01
3.63078e+06 3.71535e+06  3.54239e-01
3.71535e+06 3.80189e+06  3.43964e-01
3.80189e+06 3.89045e+06  3.36636e-01
3.89045e+06 3.98107e+06  3.22402e-01
3.98107e+06 4.07380e+06  3.15067e-01
4.07380e+06 4.16869e+06  2.86631e-01
4.16869e+06 4.26580e+06  2.85749e-01
4.26580e+06 4.36516e+06  2.54543e-01
4.36516e+06 4.46684e+06  2.39950e-01
4.46684e+06 4.57088e+06  2.15961e-01
4.57088e+06 4.67735e+06  2.23709e-01
4.67735e+06 4.78630e+06  2.29350e-01
4.78630e+06 4.89779e+06  2.03269e-01
4.89779e+06 5.01187e+06  1.89563e-01
5.01187e+06 5.12861e+06  1.69097e-01
5.12861e+06 5.24807e+06  1.75325e-01
5.24807e+06 5.37032e+06  1.66223e-01
5.37032e+06 5.49541e+06  1.61640e-01
5.49541e+06 5.62341e+06  1.72979e-01
5.62341e+06 5.75440e+06  1.45330e-01
5.75440e+06 5.88844e+06  1.57743e-01
5.88844e+06 6.02560e+06  1.36543e-01
6.02560e+06 6.16595e+06  1.29203e-01
6.16595e+06 6.30957e+06  1.27478e-01
6.30957e+06 6.45654e+06  1.24443e-01
6.45654e+06 6.60693e+06  1.24203e-01
6.60693e+06 6.76083e+06  1.15073e-01
6.76083e+06 6.91831e+06  1.12571e-01
6.91831e+06 7.07946e+06  1.05713e-01
7.07946e+06 7.24436e+06  1.10650e-01
7.24436e+06 7.41310e+06  9.48151e-02
7.41310e+06 7.58578e+06  9.61899e-02
7.58578e+06 7.76247e+06  9.60964e-02
7.76247e+06 7.94328e+06  8.39347e-02
7.94328e+06 8.12830e+06  8.65056e-02
8.12830e+06 8.31764e+06  8.13950e-02
8.31764e+06 8.51138e+06  7.57802e-02
8.51138e+06 8.70964e+06  7.75245e-02
8.70964e+06 8.91251e+06  7.25936e-02
8.91251e+06 9.12011e+06  6.98969e-02
9.12011e+06 9.33254e+06  6.84876e-02
9.33254e+06 9.54993e+06  6.30134e-02
9.54993e+06 9.77237e+06  6.22037e-02
9.77237e+06 1.00000e+07  6.06616e-02
1.00000e+07 1.02329e+07  5.70131e-02
1.02329e+07 1.04713e+07  5.92175e-02
1.04713e+07 1.07152e+07  4.96382e-02
1.07152e+07 1.09648e+07  5.13887e-02
1.09648e+07 1.12202e+07  4.50246e-02
1.12202e+07 1.14815e+07  4.61987e-02
1.14815e+07 1.17490e+07  4.28251e-02
1.17490e+07 1.20226e+07  4.43164e-02
1.20226e+07 1.23027e+07  4.03758e-02
1.23027e+07 1.25892e+07  3.89106e-02
1.25892e+07 1.28825e+07  3.97101e-02
1.28825e+07 1.31826e+07  3.72325e-02
1.31826e+07 1.34896e+07  3.72519e-02
1.34896e+07 1.38038e+07  3.59853e-02
1.38038e+07 1.41254e+07  3.47995e-02
1.41254e+07 1.44544e+07  3.29224e-02
1.44544e+07 1.47911e+07  3.36802e-02
1.47911e+07 1.51356e+07  3.44133e-02
1.51356e+07 1.54882e+07  3.35450e-02
1.54882e+07 1.58489e+07  3.11637e-02
1.58489e+07 1.62181e+07  3.04654e-02
1.62181e+07 1.65959e+07  2.96975e-02
1.65959e+07 1.69824e+07  3.13728e-02
1.69824e+07 1.73780e+07  2.92395e-02
1.73780e+07 1.77828e+07  2.90769e-02
1.77828e+07 1.81970e+07  2.87154e-02
1.81970e+07 1.86209e+07  2.68609e-02
1.86209e+07 1.90546e+07  2.72576e-02
1.90546e+07 1.94984e+07  2.71879e-02
1.94984e+07 1.99526e+07  2.67612e-02
1.99526e+07 2.04174e+07  2.50058e-02
2.04174e+07 2.08930e+07  2.49609e-02
2.08930e+07 2.13796e+07  2.29137e-02
2.13796e+07 2.18776e+07  2.43614e-02
2.18776e+07 2.23872e+07  2.44429e-02
2.23872e+07 2.29087e+07  2.40774e-02
2.29087e+07 2.34423e+07  2.31683e-02
2.34423e+07 2.39883e+07  2.31367e-02
2.39883e+07 2.45471e+07  2.30728e-02
2.45471e+07 2.51189e+07  2.21882e-02
2.51189e+07 2.57040e+07  2.26790e-02
2.57040e+07 2.63027e+07  2.12857e-02
2.63027e+07 2.69154e+07  2.09471e-02
2.69154e+07 2.75423e+07  2.07599e-02
2.75423e+07 2.81838e+07  2.02072e-02
2.81838e+07 2.88403e+07  1.98346e-02
2.88403e+07 2.95121e+07  1.93656e-02
2.95121e+07 3.01995e+07  1.93602e-02
3.01995e+07 3.09030e+07  1.84953e-02
3.09030e+07 3.16228e+07  1.81067e-02
3.16228e+07 3.23594e+07  1.78106e-02
3.23594e+07 3.31131e+07  1.79563e-02
3.31131e+07 3.38844e+07  1.75122e-02
3.38844e+07 3.46737e+07  1.75851e-02
3.46737e+07 3.54813e+07  1.82985e-02
3.54813e+07 3.63078e+07  1.69475e-02
3.63078e+07 3.71535e+07  1.71902e-02
3.71535e+07 3.80189e+07  1.81341e-02
3.80189e+07 3.89045e+07  1.66888e-02
3.89045e+07 3.98107e+07  1.70331e-02
3.98107e+07 4.07380e+07  1.64220e-02
4.07380e+07 4.16869e+07  1.63155e-02
4.16869e+07 4.26580e+07  1.58375e-02
4.26580e+07 4.36516e+07  1.59453e-02
4.36516e+07 4.46684e+07  1.46785e-02
4.46684e+07 4.57088e+07  1.47281e-02
4.57088e+07 4.67735e+07  1.45852e-02
4.67735e+07 4.78630e+07  1.33587e-02
4.78630e+07 4.89779e+07  1.37995e-02
4.89779e+07 5.01187e+07  1.42379e-02
5.01187e+07 5.12861e+07  1.44519e-02
5.12861e+07 5.24808e+07  1.36428e-02
5.24808e+07 5.37032e+07  1.32269e-02
5.37032e+07 5.49541e+07  1.29630e-02
5.49541e+07 5.62341e+07  1.19746e-02
5.62341e+07 5.75440e+07  1.27436e-02
5.75440e+07 5.88844e+07  1.30197e-02
5.88844e+07 6.02560e+07  1.24164e-02
6.02560e+07 6.16595e+07  1.22707e-02
6.16595e+07 6.30957e+07  1.15704e-02
6.30957e+07 6.45654e+07  1.07851e-02
6.45654e+07 6.60693e+07  1.12323e-02
6.60693e+07 6.76083e+07  1.11379e-02
6.76083e+07 6.91831e+07  1.16480e-02
6.91831e+07 7.07946e+07  1.09056e-02
7.07946e+07 7.24436e+07  1.14913e-02
7.24436e+07 7.41310e+07  1.03444e-02
7.41310e+07 7.58578e+07  1.00733e-02
7.58578e+07 7.76247e+07  9.85475e-03
7.76247e+07 7.94328e+07  9.96964e-03
7.94328e+07 8.12830e+07  9.65058e-03
8.12830e+07 8.31764e+07  9.49158e-03
8.31764e+07 8.51138e+07  9.00847e-03
8.51138e+07 8.70964e+07  9.40012e-03
8.70964e+07 8.91251e+07  8.97264e-03
8.91251e+07 9.12011e+07  8.80271e-03
9.12011e+07 9.33254e+07  8.13017e-03
9.33254e+07 9.54993e+07  8.82243e-03
9.54993e+07 9.77237e+07  7.95106e-03
9.77237e+07 1.00000e+08  8.18310e-03
1.00000e+08 1.02329e+08  8.09492e-03
1.02329e+08 1.04713e+08  7.71165e-03
1.04713e+08 1.07152e+08  7.13041e-03
1.07152e+08 1.09648e+08  7.01650e-03
1.09648e+08 1.12202e+08  7.04092e-03
1.12202e+08 1.14815e+08  6.89875e-03
1.14815e+08 1.17490e+08  6.50808e-03
1.17490e+08 1.20226e+08  6.68945e-03
1.20226e+08 1.23027e+08  6.09771e-03
1.23027e+08 1.25892e+08  6.28048e-03
1.25892e+08 1.28825e+08  6.08471e-03
1.28825e+08 1.31826e+08  5.56272e-03
1.31826e+08 1.34896e+08  5.76764e-03
1.34896e+08 1.38038e+08  5.27754e-03
1.38038e+08 1.41254e+08  5.40328e-03
1.41254e+08 1.44544e+08  4.98314e-03
1.44544e+08 1.47911e+08  4.91906e-03
1.47911e+08 1.51356e+08  4.65339e-03
1.51356e+08 1.54882e+08  4.64064e-03
1.54882e+08 1.58489e+08  4.96676e-03
1.58489e+08 1.62181e+08  4.52152e-03
1.62181e+08 1.65959e+08  4.30027e-03
1.65959e+08 1.69824e+08  4.14299e-03
1.69824e+08 1.73780e+08  3.88463e-03
1.73780e+08 1.77828e+08  3.93453e-03
1.77828e+08 1.81970e+08  3.76760e-03
1.81970e+08 1.86209e+08  3.30566e-03
1.86209e+08 1.90546e+08  3.69362e-03
1.90546e+08 1.94984e+08  3.55106e-03
1.94984e+08 1.99526e+08  3.42969e-03
1.99526e+08 2.04174e+08  3.45715e-03
2.04174e+08 2.08930e+08  2.94595e-03
2.08930e+08 2.13796e+08  3.06665e-03
2.13796e+08 2.18776e+08  2.93976e-03
2.18776e+08 2.23872e+08  2.78917e-03
2.23872e+08 2.29087e+08  2.77240e-03
2.29087e+08 2.34423e+08  2.58753e-03
2.34423e+08 2.39883e+08  2.58441e-03
2.39883e+08 2.45471e+08  2.58009e-03
2.45471e+08 2.51189e+08  2.46455e-03
2.51189e+08 2.57040e+08  2.29392e-03
2.57040e+08 2.63027e+08  2.22136e-03
2.63027e+08 2.69154e+08  2.25034e-03
2.69154e+08 2.75423e+08  2.22825e-03
2.75423e+08 2.81838e+08  1.96548e-03
2.81838e+08 2.88403e+08  2.05684e-03
2.88403e+08 2.95121e+08  1.97373e-03
2.95121e+08 3.01995e+08  1.94063e-03
3.01995e+08 3.09030e+08  1.92243e-03
3.09030e+08 3.16228e+08  1.80815e-03
3.16228e+08 3.23594e+08  1.81110e-03
3.23594e+08 3.31131e+08  1.58130e-03
3.31131e+08 3.38844e+08  1.59006e-03
3.38844e+08 3.46737e+08  1.63104e-03
3.46737e+08 3.54813e+08  1.60398e-03
3.54813e+08 3.63078e+08  1.44953e-03
3.63078e+08 3.71535e+08  1.54139e-03
3.71535e+08 3.80189e+08  1.37491e-03
3.80189e+08 3.89045e+08  1.38489e-03
3.89045e+08 3.98107e+08  1.42730e-03
3.98107e+08 4.07380e+08  1.36635e-03
4.07380e+08 4.16869e+08  1.19188e-03
4.16869e+08 4.26580e+08  1.26303e-03
4.26580e+08 4.36516e+08  1.18319e-03
4.36516e+08 4.46684e+08  1.24812e-03
4.46684e+08 4.57088e+08  1.08896e-03
4.57088e+08 4.67735e+08  1.04701e-03
4.67735e+08 4.78630e+08  1.13872e-03
4.78630e+08 4.89779e+08  1.03449e-03
4.89779e+08 5.01187e+08  1.01806e-03
5.01187e+08 5.12861e+08  1.01750e-03
5.12861e+08 5.24808e+08  9.77337e-04
5.24808e+08 5.37032e+08  9.26852e-04
5.37032e+08 5.49541e+08  9.34975e-04
5.49541e+08 5.62341e+08  9.15277e-04
5.62341e+08 5.75440e+08  8.64989e-04
5.75440e+08 5.88844e+08  9.08926e-04
5.88844e+08 6.02560e+08  8.00890e-04
6.02560e+08 6.16595e+08  7.88450e-04
6.16595e+08 6.30957e+08  7.42225e-04
6.30957e+08 6.45654e+08  8.12373e-04
6.45654e+08 6.60693e+08  7.08820e-04
6.60693e+08 6.76083e+08  6.47827e-04
6.76083e+08 6.91831e+08  6.84653e-04
6.91831e+08 7.07946e+08  6.38829e-04
7.07946e+08 7.24436e+08  6.85855e-04
7.24436e+08 7.41310e+08  5.94433e-04
7.41310e+08 7.58578e+08  6.11477e-04
7.58578e+08 7.76247e+08  5.53892e-04
7.76247e+08 7.94328e+08  5.12084e-04
7.94328e+08 8.12830e+08  5.17987e-04
8.12830e+08 8.31764e+08  4.99762e-04
8.31764e+08 8.51138e+08  4.70569e-04
8.51138e+08 8.70964e+08  4.15818e-04
8.70964e+08 8.91251e+08  4.19363e-04
8.91251e+08 9.12011e+08  4.26446e-04
9.12011e+08 9.33254e+08  3.79461e-04
9.33254e+08 9.54993e+08  4.00713e-04
9.54993e+08 9.77237e+08  3.82464e-04
9.77237e+08 1.00000e+09  0.00000e+00
