#From file: Final_evaluated_flux_Phase4_EAR2.txt
#Flux integrated over beam size
#Elow[eV]  Eup[eV]    n/eV/pp
1.000e-03 1.023e-03  0.000e+00 
1.023e-03 1.047e-03  3.981e+06 
1.047e-03 1.072e-03  4.106e+06 
1.072e-03 1.096e-03  4.148e+06 
1.096e-03 1.122e-03  4.182e+06 
1.122e-03 1.148e-03  4.318e+06 
1.148e-03 1.175e-03  4.452e+06 
1.175e-03 1.202e-03  4.499e+06 
1.202e-03 1.230e-03  4.577e+06 
1.230e-03 1.259e-03  4.673e+06 
1.259e-03 1.288e-03  4.811e+06 
1.288e-03 1.318e-03  4.901e+06 
1.318e-03 1.349e-03  4.981e+06 
1.349e-03 1.380e-03  5.108e+06 
1.380e-03 1.413e-03  5.182e+06 
1.413e-03 1.445e-03  5.275e+06 
1.445e-03 1.479e-03  5.431e+06 
1.479e-03 1.514e-03  5.497e+06 
1.514e-03 1.549e-03  5.615e+06 
1.549e-03 1.585e-03  5.734e+06 
1.585e-03 1.622e-03  5.847e+06 
1.622e-03 1.660e-03  5.976e+06 
1.660e-03 1.698e-03  6.083e+06 
1.698e-03 1.738e-03  6.208e+06 
1.738e-03 1.778e-03  6.359e+06 
1.778e-03 1.820e-03  6.445e+06 
1.820e-03 1.862e-03  6.624e+06 
1.862e-03 1.905e-03  6.704e+06 
1.905e-03 1.950e-03  6.857e+06 
1.950e-03 1.995e-03  6.996e+06 
1.995e-03 2.042e-03  7.162e+06 
2.042e-03 2.089e-03  7.283e+06 
2.089e-03 2.138e-03  7.398e+06 
2.138e-03 2.188e-03  7.562e+06 
2.188e-03 2.239e-03  7.708e+06 
2.239e-03 2.291e-03  7.870e+06 
2.291e-03 2.344e-03  8.029e+06 
2.344e-03 2.399e-03  8.168e+06 
2.399e-03 2.455e-03  8.372e+06 
2.455e-03 2.512e-03  8.555e+06 
2.512e-03 2.570e-03  8.737e+06 
2.570e-03 2.630e-03  8.941e+06 
2.630e-03 2.692e-03  9.041e+06 
2.692e-03 2.754e-03  9.313e+06 
2.754e-03 2.818e-03  9.449e+06 
2.818e-03 2.884e-03  9.657e+06 
2.884e-03 2.951e-03  9.847e+06 
2.951e-03 3.020e-03  1.007e+07 
3.020e-03 3.090e-03  1.030e+07 
3.090e-03 3.162e-03  1.046e+07 
3.162e-03 3.236e-03  1.067e+07 
3.236e-03 3.311e-03  1.090e+07 
3.311e-03 3.388e-03  1.116e+07 
3.388e-03 3.467e-03  1.139e+07 
3.467e-03 3.548e-03  1.163e+07 
3.548e-03 3.631e-03  1.187e+07 
3.631e-03 3.715e-03  1.208e+07 
3.715e-03 3.802e-03  1.222e+07 
3.802e-03 3.890e-03  1.242e+07 
3.890e-03 3.981e-03  1.261e+07 
3.981e-03 4.074e-03  1.288e+07 
4.074e-03 4.169e-03  1.310e+07 
4.169e-03 4.266e-03  1.332e+07 
4.266e-03 4.365e-03  1.355e+07 
4.365e-03 4.467e-03  1.387e+07 
4.467e-03 4.571e-03  1.413e+07 
4.571e-03 4.677e-03  1.434e+07 
4.677e-03 4.786e-03  1.461e+07 
4.786e-03 4.898e-03  1.480e+07 
4.898e-03 5.012e-03  1.444e+07 
5.012e-03 5.129e-03  1.458e+07 
5.129e-03 5.248e-03  1.490e+07 
5.248e-03 5.370e-03  1.523e+07 
5.370e-03 5.495e-03  1.561e+07 
5.495e-03 5.623e-03  1.596e+07 
5.623e-03 5.754e-03  1.631e+07 
5.754e-03 5.888e-03  1.674e+07 
5.888e-03 6.026e-03  1.711e+07 
6.026e-03 6.166e-03  1.750e+07 
6.166e-03 6.310e-03  1.791e+07 
6.310e-03 6.457e-03  1.831e+07 
6.457e-03 6.607e-03  1.881e+07 
6.607e-03 6.761e-03  1.917e+07 
6.761e-03 6.918e-03  1.956e+07 
6.918e-03 7.079e-03  2.008e+07 
7.079e-03 7.244e-03  2.049e+07 
7.244e-03 7.413e-03  2.099e+07 
7.413e-03 7.586e-03  2.148e+07 
7.586e-03 7.762e-03  2.192e+07 
7.762e-03 7.943e-03  2.233e+07 
7.943e-03 8.128e-03  2.285e+07 
8.128e-03 8.318e-03  2.327e+07 
8.318e-03 8.511e-03  2.381e+07 
8.511e-03 8.710e-03  2.434e+07 
8.710e-03 8.913e-03  2.476e+07 
8.913e-03 9.120e-03  2.533e+07 
9.120e-03 9.333e-03  2.584e+07 
9.333e-03 9.550e-03  2.636e+07 
9.550e-03 9.772e-03  2.681e+07 
9.772e-03 1.000e-02  2.694e+07 
1.000e-02 1.023e-02  2.747e+07 
1.023e-02 1.047e-02  2.813e+07 
1.047e-02 1.072e-02  2.871e+07 
1.072e-02 1.096e-02  2.924e+07 
1.096e-02 1.122e-02  2.977e+07 
1.122e-02 1.148e-02  3.034e+07 
1.148e-02 1.175e-02  3.088e+07 
1.175e-02 1.202e-02  3.143e+07 
1.202e-02 1.230e-02  3.193e+07 
1.230e-02 1.259e-02  3.250e+07 
1.259e-02 1.288e-02  3.305e+07 
1.288e-02 1.318e-02  3.364e+07 
1.318e-02 1.349e-02  3.399e+07 
1.349e-02 1.380e-02  3.423e+07 
1.380e-02 1.413e-02  3.475e+07 
1.413e-02 1.445e-02  3.528e+07 
1.445e-02 1.479e-02  3.580e+07 
1.479e-02 1.514e-02  3.624e+07 
1.514e-02 1.549e-02  3.676e+07 
1.549e-02 1.585e-02  3.731e+07 
1.585e-02 1.622e-02  3.785e+07 
1.622e-02 1.660e-02  3.839e+07 
1.660e-02 1.698e-02  3.889e+07 
1.698e-02 1.738e-02  3.945e+07 
1.738e-02 1.778e-02  3.995e+07 
1.778e-02 1.820e-02  4.046e+07 
1.820e-02 1.862e-02  4.099e+07 
1.862e-02 1.905e-02  4.153e+07 
1.905e-02 1.950e-02  4.194e+07 
1.950e-02 1.995e-02  4.236e+07 
1.995e-02 2.042e-02  4.278e+07 
2.042e-02 2.089e-02  4.322e+07 
2.089e-02 2.138e-02  4.361e+07 
2.138e-02 2.188e-02  4.408e+07 
2.188e-02 2.239e-02  4.451e+07 
2.239e-02 2.291e-02  4.490e+07 
2.291e-02 2.344e-02  4.518e+07 
2.344e-02 2.399e-02  4.543e+07 
2.399e-02 2.455e-02  4.564e+07 
2.455e-02 2.512e-02  4.581e+07 
2.512e-02 2.570e-02  4.614e+07 
2.570e-02 2.630e-02  4.648e+07 
2.630e-02 2.692e-02  4.679e+07 
2.692e-02 2.754e-02  4.714e+07 
2.754e-02 2.818e-02  4.731e+07 
2.818e-02 2.884e-02  4.746e+07 
2.884e-02 2.951e-02  4.761e+07 
2.951e-02 3.020e-02  4.772e+07 
3.020e-02 3.090e-02  4.786e+07 
3.090e-02 3.162e-02  4.791e+07 
3.162e-02 3.236e-02  4.794e+07 
3.236e-02 3.311e-02  4.792e+07 
3.311e-02 3.388e-02  4.777e+07 
3.388e-02 3.467e-02  4.772e+07 
3.467e-02 3.548e-02  4.765e+07 
3.548e-02 3.631e-02  4.748e+07 
3.631e-02 3.715e-02  4.741e+07 
3.715e-02 3.802e-02  4.718e+07 
3.802e-02 3.890e-02  4.696e+07 
3.890e-02 3.981e-02  4.665e+07 
3.981e-02 4.074e-02  4.638e+07 
4.074e-02 4.169e-02  4.606e+07 
4.169e-02 4.266e-02  4.565e+07 
4.266e-02 4.365e-02  4.517e+07 
4.365e-02 4.467e-02  4.472e+07 
4.467e-02 4.571e-02  4.423e+07 
4.571e-02 4.677e-02  4.374e+07 
4.677e-02 4.786e-02  4.320e+07 
4.786e-02 4.898e-02  4.264e+07 
4.898e-02 5.012e-02  4.201e+07 
5.012e-02 5.129e-02  4.133e+07 
5.129e-02 5.248e-02  4.066e+07 
5.248e-02 5.370e-02  3.992e+07 
5.370e-02 5.495e-02  3.919e+07 
5.495e-02 5.623e-02  3.844e+07 
5.623e-02 5.754e-02  3.766e+07 
5.754e-02 5.888e-02  3.686e+07 
5.888e-02 6.026e-02  3.603e+07 
6.026e-02 6.166e-02  3.512e+07 
6.166e-02 6.310e-02  3.421e+07 
6.310e-02 6.457e-02  3.332e+07 
6.457e-02 6.607e-02  3.239e+07 
6.607e-02 6.761e-02  3.149e+07 
6.761e-02 6.918e-02  3.053e+07 
6.918e-02 7.079e-02  2.958e+07 
7.079e-02 7.244e-02  2.861e+07 
7.244e-02 7.413e-02  2.766e+07 
7.413e-02 7.586e-02  2.672e+07 
7.586e-02 7.762e-02  2.575e+07 
7.762e-02 7.943e-02  2.480e+07 
7.943e-02 8.128e-02  2.387e+07 
8.128e-02 8.318e-02  2.294e+07 
8.318e-02 8.511e-02  2.200e+07 
8.511e-02 8.710e-02  2.111e+07 
8.710e-02 8.913e-02  2.021e+07 
8.913e-02 9.120e-02  1.933e+07 
9.120e-02 9.333e-02  1.848e+07 
9.333e-02 9.550e-02  1.764e+07 
9.550e-02 9.772e-02  1.683e+07 
9.772e-02 1.000e-01  1.603e+07 
1.000e-01 1.023e-01  1.525e+07 
1.023e-01 1.047e-01  1.451e+07 
1.047e-01 1.072e-01  1.378e+07 
1.072e-01 1.096e-01  1.309e+07 
1.096e-01 1.122e-01  1.242e+07 
1.122e-01 1.148e-01  1.176e+07 
1.148e-01 1.175e-01  1.114e+07 
1.175e-01 1.202e-01  1.056e+07 
1.202e-01 1.230e-01  9.998e+06 
1.230e-01 1.259e-01  9.469e+06 
1.259e-01 1.288e-01  8.949e+06 
1.288e-01 1.318e-01  8.469e+06 
1.318e-01 1.349e-01  8.028e+06 
1.349e-01 1.380e-01  7.572e+06 
1.380e-01 1.413e-01  7.172e+06 
1.413e-01 1.445e-01  6.787e+06 
1.445e-01 1.479e-01  6.434e+06 
1.479e-01 1.514e-01  6.097e+06 
1.514e-01 1.549e-01  5.771e+06 
1.549e-01 1.585e-01  5.483e+06 
1.585e-01 1.622e-01  5.199e+06 
1.622e-01 1.660e-01  4.946e+06 
1.660e-01 1.698e-01  4.704e+06 
1.698e-01 1.738e-01  4.486e+06 
1.738e-01 1.778e-01  4.278e+06 
1.778e-01 1.820e-01  4.082e+06 
1.820e-01 1.862e-01  3.904e+06 
1.862e-01 1.905e-01  3.741e+06 
1.905e-01 1.950e-01  3.582e+06 
1.950e-01 1.995e-01  3.442e+06 
1.995e-01 2.042e-01  3.311e+06 
2.042e-01 2.089e-01  3.182e+06 
2.089e-01 2.138e-01  3.065e+06 
2.138e-01 2.188e-01  2.966e+06 
2.188e-01 2.239e-01  2.865e+06 
2.239e-01 2.291e-01  2.770e+06 
2.291e-01 2.344e-01  2.689e+06 
2.344e-01 2.399e-01  2.604e+06 
2.399e-01 2.455e-01  2.528e+06 
2.455e-01 2.512e-01  2.460e+06 
2.512e-01 2.570e-01  2.389e+06 
2.570e-01 2.630e-01  2.324e+06 
2.630e-01 2.692e-01  2.268e+06 
2.692e-01 2.754e-01  2.208e+06 
2.754e-01 2.818e-01  2.156e+06 
2.818e-01 2.884e-01  2.103e+06 
2.884e-01 2.951e-01  2.053e+06 
2.951e-01 3.020e-01  1.998e+06 
3.020e-01 3.090e-01  1.957e+06 
3.090e-01 3.162e-01  1.913e+06 
3.162e-01 3.236e-01  1.865e+06 
3.236e-01 3.311e-01  1.824e+06 
3.311e-01 3.388e-01  1.787e+06 
3.388e-01 3.467e-01  1.747e+06 
3.467e-01 3.548e-01  1.707e+06 
3.548e-01 3.631e-01  1.673e+06 
3.631e-01 3.715e-01  1.632e+06 
3.715e-01 3.802e-01  1.596e+06 
3.802e-01 3.890e-01  1.563e+06 
3.890e-01 3.981e-01  1.530e+06 
3.981e-01 4.074e-01  1.490e+06 
4.074e-01 4.169e-01  1.459e+06 
4.169e-01 4.266e-01  1.425e+06 
4.266e-01 4.365e-01  1.392e+06 
4.365e-01 4.467e-01  1.354e+06 
4.467e-01 4.571e-01  1.320e+06 
4.571e-01 4.677e-01  1.289e+06 
4.677e-01 4.786e-01  1.257e+06 
4.786e-01 4.898e-01  1.224e+06 
4.898e-01 5.012e-01  1.194e+06 
5.012e-01 5.129e-01  1.161e+06 
5.129e-01 5.248e-01  1.135e+06 
5.248e-01 5.370e-01  1.106e+06 
5.370e-01 5.495e-01  1.079e+06 
5.495e-01 5.623e-01  1.051e+06 
5.623e-01 5.754e-01  1.027e+06 
5.754e-01 5.888e-01  9.997e+05 
5.888e-01 6.026e-01  9.785e+05 
6.026e-01 6.166e-01  9.549e+05 
6.166e-01 6.310e-01  9.298e+05 
6.310e-01 6.457e-01  9.087e+05 
6.457e-01 6.607e-01  8.882e+05 
6.607e-01 6.761e-01  8.655e+05 
6.761e-01 6.918e-01  8.469e+05 
6.918e-01 7.079e-01  8.297e+05 
7.079e-01 7.244e-01  8.097e+05 
7.244e-01 7.413e-01  7.896e+05 
7.413e-01 7.586e-01  7.748e+05 
7.586e-01 7.762e-01  7.557e+05 
7.762e-01 7.943e-01  7.398e+05 
7.943e-01 8.128e-01  7.242e+05 
8.128e-01 8.318e-01  7.070e+05 
8.318e-01 8.511e-01  6.904e+05 
8.511e-01 8.710e-01  6.750e+05 
8.710e-01 8.913e-01  6.607e+05 
8.913e-01 9.120e-01  6.432e+05 
9.120e-01 9.333e-01  6.302e+05 
9.333e-01 9.550e-01  6.139e+05 
9.550e-01 9.772e-01  6.022e+05 
9.772e-01 1.000e+00  5.881e+05 
1.000e+00 1.023e+00  5.751e+05 
1.023e+00 1.047e+00  5.617e+05 
1.047e+00 1.072e+00  5.477e+05 
1.072e+00 1.096e+00  5.353e+05 
1.096e+00 1.122e+00  5.237e+05 
1.122e+00 1.148e+00  5.111e+05 
1.148e+00 1.175e+00  5.003e+05 
1.175e+00 1.202e+00  4.895e+05 
1.202e+00 1.230e+00  4.781e+05 
1.230e+00 1.259e+00  4.673e+05 
1.259e+00 1.288e+00  4.576e+05 
1.288e+00 1.318e+00  4.474e+05 
1.318e+00 1.349e+00  4.367e+05 
1.349e+00 1.380e+00  4.275e+05 
1.380e+00 1.413e+00  4.185e+05 
1.413e+00 1.445e+00  4.094e+05 
1.445e+00 1.479e+00  4.003e+05 
1.479e+00 1.514e+00  3.902e+05 
1.514e+00 1.549e+00  3.816e+05 
1.549e+00 1.585e+00  3.721e+05 
1.585e+00 1.622e+00  3.655e+05 
1.622e+00 1.660e+00  3.562e+05 
1.660e+00 1.698e+00  3.493e+05 
1.698e+00 1.738e+00  3.417e+05 
1.738e+00 1.778e+00  3.347e+05 
1.778e+00 1.820e+00  3.263e+05 
1.820e+00 1.862e+00  3.196e+05 
1.862e+00 1.905e+00  3.121e+05 
1.905e+00 1.950e+00  3.047e+05 
1.950e+00 1.995e+00  2.991e+05 
1.995e+00 2.042e+00  2.923e+05 
2.042e+00 2.089e+00  2.857e+05 
2.089e+00 2.138e+00  2.795e+05 
2.138e+00 2.188e+00  2.743e+05 
2.188e+00 2.239e+00  2.673e+05 
2.239e+00 2.291e+00  2.615e+05 
2.291e+00 2.344e+00  2.561e+05 
2.344e+00 2.399e+00  2.499e+05 
2.399e+00 2.455e+00  2.447e+05 
2.455e+00 2.512e+00  2.393e+05 
2.512e+00 2.570e+00  2.345e+05 
2.570e+00 2.630e+00  2.295e+05 
2.630e+00 2.692e+00  2.242e+05 
2.692e+00 2.754e+00  2.183e+05 
2.754e+00 2.818e+00  2.148e+05 
2.818e+00 2.884e+00  2.102e+05 
2.884e+00 2.951e+00  2.047e+05 
2.951e+00 3.020e+00  2.001e+05 
3.020e+00 3.090e+00  1.958e+05 
3.090e+00 3.162e+00  1.923e+05 
3.162e+00 3.236e+00  1.877e+05 
3.236e+00 3.311e+00  1.832e+05 
3.311e+00 3.388e+00  1.799e+05 
3.388e+00 3.467e+00  1.757e+05 
3.467e+00 3.548e+00  1.717e+05 
3.548e+00 3.631e+00  1.674e+05 
3.631e+00 3.715e+00  1.644e+05 
3.715e+00 3.802e+00  1.609e+05 
3.802e+00 3.890e+00  1.574e+05 
3.890e+00 3.981e+00  1.538e+05 
3.981e+00 4.074e+00  1.500e+05 
4.074e+00 4.169e+00  1.474e+05 
4.169e+00 4.266e+00  1.441e+05 
4.266e+00 4.365e+00  1.413e+05 
4.365e+00 4.467e+00  1.380e+05 
4.467e+00 4.571e+00  1.352e+05 
4.571e+00 4.677e+00  1.316e+05 
4.677e+00 4.786e+00  1.291e+05 
4.786e+00 4.898e+00  1.266e+05 
4.898e+00 5.012e+00  1.233e+05 
5.012e+00 5.129e+00  1.215e+05 
5.129e+00 5.248e+00  1.181e+05 
5.248e+00 5.370e+00  1.162e+05 
5.370e+00 5.495e+00  1.136e+05 
5.495e+00 5.623e+00  1.111e+05 
5.623e+00 5.754e+00  1.087e+05 
5.754e+00 5.888e+00  1.063e+05 
5.888e+00 6.026e+00  1.038e+05 
6.026e+00 6.166e+00  1.020e+05 
6.166e+00 6.310e+00  9.941e+04 
6.310e+00 6.457e+00  9.740e+04 
6.457e+00 6.607e+00  9.521e+04 
6.607e+00 6.761e+00  9.342e+04 
6.761e+00 6.918e+00  9.140e+04 
6.918e+00 7.079e+00  8.942e+04 
7.079e+00 7.244e+00  8.731e+04 
7.244e+00 7.413e+00  8.560e+04 
7.413e+00 7.586e+00  8.377e+04 
7.586e+00 7.762e+00  8.182e+04 
7.762e+00 7.943e+00  7.991e+04 
7.943e+00 8.128e+00  7.811e+04 
8.128e+00 8.318e+00  7.666e+04 
8.318e+00 8.511e+00  7.492e+04 
8.511e+00 8.710e+00  7.355e+04 
8.710e+00 8.913e+00  7.191e+04 
8.913e+00 9.120e+00  7.043e+04 
9.120e+00 9.333e+00  6.881e+04 
9.333e+00 9.550e+00  6.736e+04 
9.550e+00 9.772e+00  6.583e+04 
9.772e+00 1.000e+01  6.450e+04 
1.000e+01 1.023e+01  6.287e+04 
1.023e+01 1.047e+01  6.161e+04 
1.047e+01 1.072e+01  6.014e+04 
1.072e+01 1.096e+01  5.918e+04 
1.096e+01 1.122e+01  5.776e+04 
1.122e+01 1.148e+01  5.658e+04 
1.148e+01 1.175e+01  5.518e+04 
1.175e+01 1.202e+01  5.420e+04 
1.202e+01 1.230e+01  5.305e+04 
1.230e+01 1.259e+01  5.183e+04 
1.259e+01 1.288e+01  5.052e+04 
1.288e+01 1.318e+01  4.942e+04 
1.318e+01 1.349e+01  4.843e+04 
1.349e+01 1.380e+01  4.762e+04 
1.380e+01 1.413e+01  4.632e+04 
1.413e+01 1.445e+01  4.552e+04 
1.445e+01 1.479e+01  4.444e+04 
1.479e+01 1.514e+01  4.357e+04 
1.514e+01 1.549e+01  4.270e+04 
1.549e+01 1.585e+01  4.169e+04 
1.585e+01 1.622e+01  4.082e+04 
1.622e+01 1.660e+01  3.977e+04 
1.660e+01 1.698e+01  3.912e+04 
1.698e+01 1.738e+01  3.819e+04 
1.738e+01 1.778e+01  3.735e+04 
1.778e+01 1.820e+01  3.681e+04 
1.820e+01 1.862e+01  3.577e+04 
1.862e+01 1.905e+01  3.527e+04 
1.905e+01 1.950e+01  3.437e+04 
1.950e+01 1.995e+01  3.344e+04 
1.995e+01 2.042e+01  3.291e+04 
2.042e+01 2.089e+01  3.221e+04 
2.089e+01 2.138e+01  3.155e+04 
2.138e+01 2.188e+01  3.075e+04 
2.188e+01 2.239e+01  3.018e+04 
2.239e+01 2.291e+01  2.946e+04 
2.291e+01 2.344e+01  2.890e+04 
2.344e+01 2.399e+01  2.810e+04 
2.399e+01 2.455e+01  2.754e+04 
2.455e+01 2.512e+01  2.708e+04 
2.512e+01 2.570e+01  2.644e+04 
2.570e+01 2.630e+01  2.591e+04 
2.630e+01 2.692e+01  2.539e+04 
2.692e+01 2.754e+01  2.486e+04 
2.754e+01 2.818e+01  2.423e+04 
2.818e+01 2.884e+01  2.367e+04 
2.884e+01 2.951e+01  2.309e+04 
2.951e+01 3.020e+01  2.265e+04 
3.020e+01 3.090e+01  2.215e+04 
3.090e+01 3.162e+01  2.177e+04 
3.162e+01 3.236e+01  2.133e+04 
3.236e+01 3.311e+01  2.082e+04 
3.311e+01 3.388e+01  2.041e+04 
3.388e+01 3.467e+01  1.984e+04 
3.467e+01 3.548e+01  1.952e+04 
3.548e+01 3.631e+01  1.898e+04 
3.631e+01 3.715e+01  1.873e+04 
3.715e+01 3.802e+01  1.818e+04 
3.802e+01 3.890e+01  1.788e+04 
3.890e+01 3.981e+01  1.754e+04 
3.981e+01 4.074e+01  1.712e+04 
4.074e+01 4.169e+01  1.664e+04 
4.169e+01 4.266e+01  1.637e+04 
4.266e+01 4.365e+01  1.601e+04 
4.365e+01 4.467e+01  1.567e+04 
4.467e+01 4.571e+01  1.532e+04 
4.571e+01 4.677e+01  1.496e+04 
4.677e+01 4.786e+01  1.484e+04 
4.786e+01 4.898e+01  1.446e+04 
4.898e+01 5.012e+01  1.410e+04 
5.012e+01 5.129e+01  1.383e+04 
5.129e+01 5.248e+01  1.350e+04 
5.248e+01 5.370e+01  1.324e+04 
5.370e+01 5.495e+01  1.300e+04 
5.495e+01 5.623e+01  1.268e+04 
5.623e+01 5.754e+01  1.239e+04 
5.754e+01 5.888e+01  1.206e+04 
5.888e+01 6.026e+01  1.191e+04 
6.026e+01 6.166e+01  1.163e+04 
6.166e+01 6.310e+01  1.135e+04 
6.310e+01 6.457e+01  1.112e+04 
6.457e+01 6.607e+01  1.090e+04 
6.607e+01 6.761e+01  1.067e+04 
6.761e+01 6.918e+01  1.040e+04 
6.918e+01 7.079e+01  1.021e+04 
7.079e+01 7.244e+01  9.929e+03 
7.244e+01 7.413e+01  9.722e+03 
7.413e+01 7.586e+01  9.606e+03 
7.586e+01 7.762e+01  9.347e+03 
7.762e+01 7.943e+01  9.164e+03 
7.943e+01 8.128e+01  8.928e+03 
8.128e+01 8.318e+01  8.724e+03 
8.318e+01 8.511e+01  8.597e+03 
8.511e+01 8.710e+01  8.364e+03 
8.710e+01 8.913e+01  8.205e+03 
8.913e+01 9.120e+01  8.037e+03 
9.120e+01 9.333e+01  7.879e+03 
9.333e+01 9.550e+01  7.686e+03 
9.550e+01 9.772e+01  7.521e+03 
9.772e+01 1.000e+02  7.383e+03 
1.000e+02 1.023e+02  7.205e+03 
1.023e+02 1.047e+02  7.033e+03 
1.047e+02 1.072e+02  6.892e+03 
1.072e+02 1.096e+02  6.752e+03 
1.096e+02 1.122e+02  6.570e+03 
1.122e+02 1.148e+02  6.439e+03 
1.148e+02 1.175e+02  6.309e+03 
1.175e+02 1.202e+02  6.153e+03 
1.202e+02 1.230e+02  6.026e+03 
1.230e+02 1.259e+02  5.879e+03 
1.259e+02 1.288e+02  5.688e+03 
1.288e+02 1.318e+02  5.569e+03 
1.318e+02 1.349e+02  5.562e+03 
1.349e+02 1.380e+02  5.427e+03 
1.380e+02 1.413e+02  5.309e+03 
1.413e+02 1.445e+02  5.192e+03 
1.445e+02 1.479e+02  5.103e+03 
1.479e+02 1.514e+02  4.965e+03 
1.514e+02 1.549e+02  4.882e+03 
1.549e+02 1.585e+02  4.799e+03 
1.585e+02 1.622e+02  4.670e+03 
1.622e+02 1.660e+02  4.582e+03 
1.660e+02 1.698e+02  4.482e+03 
1.698e+02 1.738e+02  4.416e+03 
1.738e+02 1.778e+02  4.280e+03 
1.778e+02 1.820e+02  4.185e+03 
1.820e+02 1.862e+02  4.124e+03 
1.862e+02 1.905e+02  4.025e+03 
1.905e+02 1.950e+02  3.949e+03 
1.950e+02 1.995e+02  3.860e+03 
1.995e+02 2.042e+02  3.783e+03 
2.042e+02 2.089e+02  3.714e+03 
2.089e+02 2.138e+02  3.626e+03 
2.138e+02 2.188e+02  3.543e+03 
2.188e+02 2.239e+02  3.464e+03 
2.239e+02 2.291e+02  3.385e+03 
2.291e+02 2.344e+02  3.348e+03 
2.344e+02 2.399e+02  3.247e+03 
2.399e+02 2.455e+02  3.173e+03 
2.455e+02 2.512e+02  3.134e+03 
2.512e+02 2.570e+02  3.058e+03 
2.570e+02 2.630e+02  2.997e+03 
2.630e+02 2.692e+02  2.925e+03 
2.692e+02 2.754e+02  2.864e+03 
2.754e+02 2.818e+02  2.807e+03 
2.818e+02 2.884e+02  2.754e+03 
2.884e+02 2.951e+02  2.655e+03 
2.951e+02 3.020e+02  2.597e+03 
3.020e+02 3.090e+02  2.495e+03 
3.090e+02 3.162e+02  2.379e+03 
3.162e+02 3.236e+02  2.177e+03 
3.236e+02 3.311e+02  1.928e+03 
3.311e+02 3.388e+02  1.774e+03 
3.388e+02 3.467e+02  1.861e+03 
3.467e+02 3.548e+02  1.974e+03 
3.548e+02 3.631e+02  2.054e+03 
3.631e+02 3.715e+02  2.055e+03 
3.715e+02 3.802e+02  2.025e+03 
3.802e+02 3.890e+02  2.001e+03 
3.890e+02 3.981e+02  1.975e+03 
3.981e+02 4.074e+02  1.944e+03 
4.074e+02 4.169e+02  1.911e+03 
4.169e+02 4.266e+02  1.883e+03 
4.266e+02 4.365e+02  1.829e+03 
4.365e+02 4.467e+02  1.792e+03 
4.467e+02 4.571e+02  1.742e+03 
4.571e+02 4.677e+02  1.735e+03 
4.677e+02 4.786e+02  1.691e+03 
4.786e+02 4.898e+02  1.642e+03 
4.898e+02 5.012e+02  1.610e+03 
5.012e+02 5.129e+02  1.585e+03 
5.129e+02 5.248e+02  1.534e+03 
5.248e+02 5.370e+02  1.532e+03 
5.370e+02 5.495e+02  1.472e+03 
5.495e+02 5.623e+02  1.439e+03 
5.623e+02 5.754e+02  1.423e+03 
5.754e+02 5.888e+02  1.402e+03 
5.888e+02 6.026e+02  1.361e+03 
6.026e+02 6.166e+02  1.328e+03 
6.166e+02 6.310e+02  1.297e+03 
6.310e+02 6.457e+02  1.269e+03 
6.457e+02 6.607e+02  1.263e+03 
6.607e+02 6.761e+02  1.209e+03 
6.761e+02 6.918e+02  1.201e+03 
6.918e+02 7.079e+02  1.179e+03 
7.079e+02 7.244e+02  1.148e+03 
7.244e+02 7.413e+02  1.119e+03 
7.413e+02 7.586e+02  1.100e+03 
7.586e+02 7.762e+02  1.079e+03 
7.762e+02 7.943e+02  1.038e+03 
7.943e+02 8.128e+02  1.024e+03 
8.128e+02 8.318e+02  1.008e+03 
8.318e+02 8.511e+02  9.842e+02 
8.511e+02 8.710e+02  9.594e+02 
8.710e+02 8.913e+02  9.345e+02 
8.913e+02 9.120e+02  9.240e+02 
9.120e+02 9.333e+02  9.111e+02 
9.333e+02 9.550e+02  8.808e+02 
9.550e+02 9.772e+02  8.672e+02 
9.772e+02 1.000e+03  8.469e+02 
1.000e+03 1.023e+03  8.253e+02 
1.023e+03 1.047e+03  8.036e+02 
1.047e+03 1.072e+03  7.667e+02 
1.072e+03 1.096e+03  7.255e+02 
1.096e+03 1.122e+03  7.504e+02 
1.122e+03 1.148e+03  7.479e+02 
1.148e+03 1.175e+03  7.353e+02 
1.175e+03 1.202e+03  7.169e+02 
1.202e+03 1.230e+03  6.990e+02 
1.230e+03 1.259e+03  6.799e+02 
1.259e+03 1.288e+03  6.617e+02 
1.288e+03 1.318e+03  6.519e+02 
1.318e+03 1.349e+03  6.393e+02 
1.349e+03 1.380e+03  6.287e+02 
1.380e+03 1.413e+03  6.195e+02 
1.413e+03 1.445e+03  6.051e+02 
1.445e+03 1.479e+03  5.974e+02 
1.479e+03 1.514e+03  5.791e+02 
1.514e+03 1.549e+03  5.780e+02 
1.549e+03 1.585e+03  5.519e+02 
1.585e+03 1.622e+03  5.471e+02 
1.622e+03 1.660e+03  5.316e+02 
1.660e+03 1.698e+03  5.172e+02 
1.698e+03 1.738e+03  5.075e+02 
1.738e+03 1.778e+03  5.075e+02 
1.778e+03 1.820e+03  4.835e+02 
1.820e+03 1.862e+03  4.772e+02 
1.862e+03 1.905e+03  4.648e+02 
1.905e+03 1.950e+03  4.580e+02 
1.950e+03 1.995e+03  4.428e+02 
1.995e+03 2.042e+03  4.385e+02 
2.042e+03 2.089e+03  4.173e+02 
2.089e+03 2.138e+03  4.098e+02 
2.138e+03 2.188e+03  3.961e+02 
2.188e+03 2.239e+03  3.846e+02 
2.239e+03 2.291e+03  3.722e+02 
2.291e+03 2.344e+03  3.622e+02 
2.344e+03 2.399e+03  3.531e+02 
2.399e+03 2.455e+03  3.449e+02 
2.455e+03 2.512e+03  3.417e+02 
2.512e+03 2.570e+03  3.328e+02 
2.570e+03 2.630e+03  3.358e+02 
2.630e+03 2.692e+03  3.303e+02 
2.692e+03 2.754e+03  3.257e+02 
2.754e+03 2.818e+03  3.203e+02 
2.818e+03 2.884e+03  3.158e+02 
2.884e+03 2.951e+03  3.064e+02 
2.951e+03 3.020e+03  2.995e+02 
3.020e+03 3.090e+03  2.977e+02 
3.090e+03 3.162e+03  2.905e+02 
3.162e+03 3.236e+03  2.842e+02 
3.236e+03 3.311e+03  2.762e+02 
3.311e+03 3.388e+03  2.700e+02 
3.388e+03 3.467e+03  2.663e+02 
3.467e+03 3.548e+03  2.630e+02 
3.548e+03 3.631e+03  2.565e+02 
3.631e+03 3.715e+03  2.480e+02 
3.715e+03 3.802e+03  2.462e+02 
3.802e+03 3.890e+03  2.393e+02 
3.890e+03 3.981e+03  2.358e+02 
3.981e+03 4.074e+03  2.307e+02 
4.074e+03 4.169e+03  2.263e+02 
4.169e+03 4.266e+03  2.218e+02 
4.266e+03 4.365e+03  2.170e+02 
4.365e+03 4.467e+03  2.152e+02 
4.467e+03 4.571e+03  2.087e+02 
4.571e+03 4.677e+03  2.041e+02 
4.677e+03 4.786e+03  1.989e+02 
4.786e+03 4.898e+03  1.915e+02 
4.898e+03 5.012e+03  1.947e+02 
5.012e+03 5.129e+03  1.886e+02 
5.129e+03 5.248e+03  1.835e+02 
5.248e+03 5.370e+03  1.816e+02 
5.370e+03 5.495e+03  1.741e+02 
5.495e+03 5.623e+03  1.675e+02 
5.623e+03 5.754e+03  1.520e+02 
5.754e+03 5.888e+03  1.415e+02 
5.888e+03 6.026e+03  1.565e+02 
6.026e+03 6.166e+03  1.592e+02 
6.166e+03 6.310e+03  1.539e+02 
6.310e+03 6.457e+03  1.527e+02 
6.457e+03 6.607e+03  1.460e+02 
6.607e+03 6.761e+03  1.443e+02 
6.761e+03 6.918e+03  1.399e+02 
6.918e+03 7.079e+03  1.384e+02 
7.079e+03 7.244e+03  1.327e+02 
7.244e+03 7.413e+03  1.311e+02 
7.413e+03 7.586e+03  1.310e+02 
7.586e+03 7.762e+03  1.287e+02 
7.762e+03 7.943e+03  1.275e+02 
7.943e+03 8.128e+03  1.224e+02 
8.128e+03 8.318e+03  1.190e+02 
8.318e+03 8.511e+03  1.169e+02 
8.511e+03 8.710e+03  1.148e+02 
8.710e+03 8.913e+03  1.143e+02 
8.913e+03 9.120e+03  1.123e+02 
9.120e+03 9.333e+03  1.112e+02 
9.333e+03 9.550e+03  1.096e+02 
9.550e+03 9.772e+03  1.056e+02 
9.772e+03 1.000e+04  1.038e+02 
1.000e+04 1.023e+04  1.014e+02 
1.023e+04 1.047e+04  9.986e+01 
1.047e+04 1.072e+04  9.796e+01 
1.072e+04 1.096e+04  9.562e+01 
1.096e+04 1.122e+04  9.388e+01 
1.122e+04 1.148e+04  9.298e+01 
1.148e+04 1.175e+04  9.253e+01 
1.175e+04 1.202e+04  9.026e+01 
1.202e+04 1.230e+04  8.837e+01 
1.230e+04 1.259e+04  8.761e+01 
1.259e+04 1.288e+04  8.359e+01 
1.288e+04 1.318e+04  8.304e+01 
1.318e+04 1.349e+04  8.058e+01 
1.349e+04 1.380e+04  8.049e+01 
1.380e+04 1.413e+04  7.901e+01 
1.413e+04 1.445e+04  7.683e+01 
1.445e+04 1.479e+04  7.526e+01 
1.479e+04 1.514e+04  7.577e+01 
1.514e+04 1.549e+04  7.391e+01 
1.549e+04 1.585e+04  7.278e+01 
1.585e+04 1.622e+04  7.203e+01 
1.622e+04 1.660e+04  7.024e+01 
1.660e+04 1.698e+04  6.936e+01 
1.698e+04 1.738e+04  6.766e+01 
1.738e+04 1.778e+04  6.603e+01 
1.778e+04 1.820e+04  6.389e+01 
1.820e+04 1.862e+04  6.519e+01 
1.862e+04 1.905e+04  6.382e+01 
1.905e+04 1.950e+04  6.365e+01 
1.950e+04 1.995e+04  6.259e+01 
1.995e+04 2.042e+04  6.170e+01 
2.042e+04 2.089e+04  6.062e+01 
2.089e+04 2.138e+04  5.994e+01 
2.138e+04 2.188e+04  5.954e+01 
2.188e+04 2.239e+04  5.940e+01 
2.239e+04 2.291e+04  5.853e+01 
2.291e+04 2.344e+04  5.836e+01 
2.344e+04 2.399e+04  5.879e+01 
2.399e+04 2.455e+04  5.637e+01 
2.455e+04 2.512e+04  5.434e+01 
2.512e+04 2.570e+04  5.276e+01 
2.570e+04 2.630e+04  5.105e+01 
2.630e+04 2.692e+04  4.937e+01 
2.692e+04 2.754e+04  4.931e+01 
2.754e+04 2.818e+04  4.847e+01 
2.818e+04 2.884e+04  4.618e+01 
2.884e+04 2.951e+04  4.545e+01 
2.951e+04 3.020e+04  4.387e+01 
3.020e+04 3.090e+04  3.836e+01 
3.090e+04 3.162e+04  3.565e+01 
3.162e+04 3.236e+04  3.250e+01 
3.236e+04 3.311e+04  2.793e+01 
3.311e+04 3.388e+04  2.423e+01 
3.388e+04 3.467e+04  2.338e+01 
3.467e+04 3.548e+04  2.474e+01 
3.548e+04 3.631e+04  2.651e+01 
3.631e+04 3.715e+04  2.862e+01 
3.715e+04 3.802e+04  2.936e+01 
3.802e+04 3.890e+04  2.964e+01 
3.890e+04 3.981e+04  2.993e+01 
3.981e+04 4.074e+04  3.031e+01 
4.074e+04 4.169e+04  3.034e+01 
4.169e+04 4.266e+04  3.050e+01 
4.266e+04 4.365e+04  3.093e+01 
4.365e+04 4.467e+04  3.084e+01 
4.467e+04 4.571e+04  3.008e+01 
4.571e+04 4.677e+04  2.991e+01 
4.677e+04 4.786e+04  3.051e+01 
4.786e+04 4.898e+04  3.029e+01 
4.898e+04 5.012e+04  2.964e+01 
5.012e+04 5.129e+04  2.955e+01 
5.129e+04 5.248e+04  3.006e+01 
5.248e+04 5.370e+04  2.969e+01 
5.370e+04 5.495e+04  2.964e+01 
5.495e+04 5.623e+04  2.907e+01 
5.623e+04 5.754e+04  2.864e+01 
5.754e+04 5.888e+04  2.868e+01 
5.888e+04 6.026e+04  2.841e+01 
6.026e+04 6.166e+04  2.826e+01 
6.166e+04 6.310e+04  2.753e+01 
6.310e+04 6.457e+04  2.678e+01 
6.457e+04 6.607e+04  2.686e+01 
6.607e+04 6.761e+04  2.541e+01 
6.761e+04 6.918e+04  2.536e+01 
6.918e+04 7.079e+04  2.473e+01 
7.079e+04 7.244e+04  2.356e+01 
7.244e+04 7.413e+04  2.212e+01 
7.413e+04 7.586e+04  2.079e+01 
7.586e+04 7.762e+04  1.977e+01 
7.762e+04 7.943e+04  1.829e+01 
7.943e+04 8.128e+04  1.720e+01 
8.128e+04 8.318e+04  1.606e+01 
8.318e+04 8.511e+04  1.571e+01 
8.511e+04 8.710e+04  1.564e+01 
8.710e+04 8.913e+04  1.674e+01 
8.913e+04 9.120e+04  1.765e+01 
9.120e+04 9.333e+04  1.867e+01 
9.333e+04 9.550e+04  1.933e+01 
9.550e+04 9.772e+04  1.963e+01 
9.772e+04 1.000e+05  1.964e+01 
1.000e+05 1.023e+05  1.983e+01 
1.023e+05 1.047e+05  1.988e+01 
1.047e+05 1.072e+05  1.945e+01 
1.072e+05 1.096e+05  2.010e+01 
1.096e+05 1.122e+05  1.940e+01 
1.122e+05 1.148e+05  1.952e+01 
1.148e+05 1.175e+05  1.886e+01 
1.175e+05 1.202e+05  1.899e+01 
1.202e+05 1.230e+05  1.900e+01 
1.230e+05 1.259e+05  1.872e+01 
1.259e+05 1.288e+05  1.714e+01 
1.288e+05 1.318e+05  1.622e+01 
1.318e+05 1.349e+05  1.545e+01 
1.349e+05 1.380e+05  1.487e+01 
1.380e+05 1.413e+05  1.433e+01 
1.413e+05 1.445e+05  1.404e+01 
1.445e+05 1.479e+05  1.447e+01 
1.479e+05 1.514e+05  1.476e+01 
1.514e+05 1.549e+05  1.530e+01 
1.549e+05 1.585e+05  1.497e+01 
1.585e+05 1.622e+05  1.593e+01 
1.622e+05 1.660e+05  1.594e+01 
1.660e+05 1.698e+05  1.602e+01 
1.698e+05 1.738e+05  1.594e+01 
1.738e+05 1.778e+05  1.599e+01 
1.778e+05 1.820e+05  1.523e+01 
1.820e+05 1.862e+05  1.524e+01 
1.862e+05 1.905e+05  1.464e+01 
1.905e+05 1.950e+05  1.445e+01 
1.950e+05 1.995e+05  1.402e+01 
1.995e+05 2.042e+05  1.494e+01 
2.042e+05 2.089e+05  1.452e+01 
2.089e+05 2.138e+05  1.458e+01 
2.138e+05 2.188e+05  1.536e+01 
2.188e+05 2.239e+05  1.478e+01 
2.239e+05 2.291e+05  1.499e+01 
2.291e+05 2.344e+05  1.470e+01 
2.344e+05 2.399e+05  1.471e+01 
2.399e+05 2.455e+05  1.639e+01 
2.455e+05 2.512e+05  1.514e+01 
2.512e+05 2.570e+05  1.426e+01 
2.570e+05 2.630e+05  1.357e+01 
2.630e+05 2.692e+05  1.396e+01 
2.692e+05 2.754e+05  1.386e+01 
2.754e+05 2.818e+05  1.322e+01 
2.818e+05 2.884e+05  1.303e+01 
2.884e+05 2.951e+05  1.275e+01 
2.951e+05 3.020e+05  1.418e+01 
3.020e+05 3.090e+05  1.299e+01 
3.090e+05 3.162e+05  1.310e+01 
3.162e+05 3.236e+05  1.322e+01 
3.236e+05 3.311e+05  1.291e+01 
3.311e+05 3.388e+05  1.291e+01 
3.388e+05 3.467e+05  1.190e+01 
3.467e+05 3.548e+05  1.265e+01 
3.548e+05 3.631e+05  1.173e+01 
3.631e+05 3.715e+05  1.168e+01 
3.715e+05 3.802e+05  1.073e+01 
3.802e+05 3.890e+05  1.089e+01 
3.890e+05 3.981e+05  1.061e+01 
3.981e+05 4.074e+05  1.003e+01 
4.074e+05 4.169e+05  1.076e+01 
4.169e+05 4.266e+05  1.112e+01 
4.266e+05 4.365e+05  1.267e+01 
4.365e+05 4.467e+05  1.298e+01 
4.467e+05 4.571e+05  1.362e+01 
4.571e+05 4.677e+05  1.380e+01 
4.677e+05 4.786e+05  1.364e+01 
4.786e+05 4.898e+05  1.271e+01 
4.898e+05 5.012e+05  1.261e+01 
5.012e+05 5.129e+05  1.172e+01 
5.129e+05 5.248e+05  1.150e+01 
5.248e+05 5.370e+05  1.206e+01 
5.370e+05 5.495e+05  1.155e+01 
5.495e+05 5.623e+05  1.119e+01 
5.623e+05 5.754e+05  1.096e+01 
5.754e+05 5.888e+05  1.126e+01 
5.888e+05 6.026e+05  1.085e+01 
6.026e+05 6.166e+05  1.080e+01 
6.166e+05 6.310e+05  1.069e+01 
6.310e+05 6.457e+05  1.028e+01 
6.457e+05 6.607e+05  9.799e+00 
6.607e+05 6.761e+05  9.928e+00 
6.761e+05 6.918e+05  9.167e+00 
6.918e+05 7.079e+05  9.048e+00 
7.079e+05 7.244e+05  8.908e+00 
7.244e+05 7.413e+05  8.661e+00 
7.413e+05 7.586e+05  8.378e+00 
7.586e+05 7.762e+05  7.873e+00 
7.762e+05 7.943e+05  7.822e+00 
7.943e+05 8.128e+05  7.756e+00 
8.128e+05 8.318e+05  7.707e+00 
8.318e+05 8.511e+05  7.459e+00 
8.511e+05 8.710e+05  7.631e+00 
8.710e+05 8.913e+05  7.264e+00 
8.913e+05 9.120e+05  6.939e+00 
9.120e+05 9.333e+05  6.721e+00 
9.333e+05 9.550e+05  6.411e+00 
9.550e+05 9.772e+05  6.191e+00 
9.772e+05 1.000e+06  6.259e+00 
1.000e+06 1.023e+06  6.239e+00 
1.023e+06 1.047e+06  6.191e+00 
1.047e+06 1.072e+06  6.439e+00 
1.072e+06 1.096e+06  6.051e+00 
1.096e+06 1.122e+06  5.684e+00 
1.122e+06 1.148e+06  5.801e+00 
1.148e+06 1.175e+06  5.544e+00 
1.175e+06 1.202e+06  5.277e+00 
1.202e+06 1.230e+06  5.420e+00 
1.230e+06 1.259e+06  4.929e+00 
1.259e+06 1.288e+06  5.081e+00 
1.288e+06 1.318e+06  5.067e+00 
1.318e+06 1.349e+06  4.787e+00 
1.349e+06 1.380e+06  4.620e+00 
1.380e+06 1.413e+06  4.384e+00 
1.413e+06 1.445e+06  4.349e+00 
1.445e+06 1.479e+06  4.222e+00 
1.479e+06 1.514e+06  4.244e+00 
1.514e+06 1.549e+06  4.008e+00 
1.549e+06 1.585e+06  3.749e+00 
1.585e+06 1.622e+06  3.547e+00 
1.622e+06 1.660e+06  3.396e+00 
1.660e+06 1.698e+06  3.414e+00 
1.698e+06 1.738e+06  3.299e+00 
1.738e+06 1.778e+06  3.213e+00 
1.778e+06 1.820e+06  2.949e+00 
1.820e+06 1.862e+06  2.788e+00 
1.862e+06 1.905e+06  2.609e+00 
1.905e+06 1.950e+06  2.493e+00 
1.950e+06 1.995e+06  2.356e+00 
1.995e+06 2.042e+06  2.318e+00 
2.042e+06 2.089e+06  2.215e+00 
2.089e+06 2.138e+06  2.089e+00 
2.138e+06 2.188e+06  1.914e+00 
2.188e+06 2.239e+06  1.775e+00 
2.239e+06 2.291e+06  1.778e+00 
2.291e+06 2.344e+06  1.686e+00 
2.344e+06 2.399e+06  1.588e+00 
2.399e+06 2.455e+06  1.442e+00 
2.455e+06 2.512e+06  1.297e+00 
2.512e+06 2.570e+06  1.132e+00 
2.570e+06 2.630e+06  1.171e+00 
2.630e+06 2.692e+06  1.084e+00 
2.692e+06 2.754e+06  9.573e-01 
2.754e+06 2.818e+06  9.497e-01 
2.818e+06 2.884e+06  8.418e-01 
2.884e+06 2.951e+06  8.020e-01 
2.951e+06 3.020e+06  7.091e-01 
3.020e+06 3.090e+06  6.789e-01 
3.090e+06 3.162e+06  5.989e-01 
3.162e+06 3.236e+06  5.399e-01 
3.236e+06 3.311e+06  5.193e-01 
3.311e+06 3.388e+06  5.049e-01 
3.388e+06 3.467e+06  4.701e-01 
3.467e+06 3.548e+06  4.149e-01 
3.548e+06 3.631e+06  3.833e-01 
3.631e+06 3.715e+06  3.942e-01 
3.715e+06 3.802e+06  3.586e-01 
3.802e+06 3.890e+06  3.254e-01 
3.890e+06 3.981e+06  3.426e-01 
3.981e+06 4.074e+06  3.123e-01 
4.074e+06 4.169e+06  2.771e-01 
4.169e+06 4.266e+06  2.724e-01 
4.266e+06 4.365e+06  2.592e-01 
4.365e+06 4.467e+06  2.304e-01 
4.467e+06 4.571e+06  2.165e-01 
4.571e+06 4.677e+06  2.130e-01 
4.677e+06 4.786e+06  2.079e-01 
4.786e+06 4.898e+06  2.165e-01 
4.898e+06 5.012e+06  1.911e-01 
5.012e+06 5.129e+06  1.822e-01 
5.129e+06 5.248e+06  1.806e-01 
5.248e+06 5.370e+06  1.795e-01 
5.370e+06 5.495e+06  1.635e-01 
5.495e+06 5.623e+06  1.465e-01 
5.623e+06 5.754e+06  1.489e-01 
5.754e+06 5.888e+06  1.484e-01 
5.888e+06 6.026e+06  1.329e-01 
6.026e+06 6.166e+06  1.396e-01 
6.166e+06 6.310e+06  1.276e-01 
6.310e+06 6.457e+06  1.232e-01 
6.457e+06 6.607e+06  1.258e-01 
6.607e+06 6.761e+06  1.186e-01 
6.761e+06 6.918e+06  1.163e-01 
6.918e+06 7.079e+06  1.162e-01 
7.079e+06 7.244e+06  1.054e-01 
7.244e+06 7.413e+06  9.266e-02 
7.413e+06 7.586e+06  9.488e-02 
7.586e+06 7.762e+06  9.088e-02 
7.762e+06 7.943e+06  8.662e-02 
7.943e+06 8.128e+06  8.130e-02 
8.128e+06 8.318e+06  8.205e-02 
8.318e+06 8.511e+06  7.296e-02 
8.511e+06 8.710e+06  7.633e-02 
8.710e+06 8.913e+06  7.121e-02 
8.913e+06 9.120e+06  7.006e-02 
9.120e+06 9.333e+06  6.682e-02 
9.333e+06 9.550e+06  6.572e-02 
9.550e+06 9.772e+06  6.030e-02 
9.772e+06 1.000e+07  6.310e-02 
1.000e+07 1.023e+07  6.063e-02 
1.023e+07 1.047e+07  5.802e-02 
1.047e+07 1.072e+07  5.968e-02 
1.072e+07 1.096e+07  6.119e-02 
1.096e+07 1.122e+07  5.828e-02 
1.122e+07 1.148e+07  5.001e-02 
1.148e+07 1.175e+07  5.149e-02 
1.175e+07 1.202e+07  4.863e-02 
1.202e+07 1.230e+07  5.134e-02 
1.230e+07 1.259e+07  4.618e-02 
1.259e+07 1.288e+07  4.366e-02 
1.288e+07 1.318e+07  4.096e-02 
1.318e+07 1.349e+07  3.989e-02 
1.349e+07 1.380e+07  4.156e-02 
1.380e+07 1.413e+07  3.983e-02 
1.413e+07 1.445e+07  4.347e-02 
1.445e+07 1.479e+07  3.294e-02 
1.479e+07 1.514e+07  3.993e-02 
1.514e+07 1.549e+07  3.772e-02 
1.549e+07 1.585e+07  4.036e-02 
1.585e+07 1.622e+07  3.721e-02 
1.622e+07 1.660e+07  4.097e-02 
1.660e+07 1.698e+07  3.686e-02 
1.698e+07 1.738e+07  3.328e-02 
1.738e+07 1.778e+07  3.447e-02 
1.778e+07 1.820e+07  3.380e-02 
1.820e+07 1.862e+07  3.054e-02 
1.862e+07 1.905e+07  3.088e-02 
1.905e+07 1.950e+07  3.031e-02 
1.950e+07 1.995e+07  3.143e-02 
1.995e+07 2.042e+07  2.711e-02 
2.042e+07 2.089e+07  2.847e-02 
2.089e+07 2.138e+07  2.870e-02 
2.138e+07 2.188e+07  2.456e-02 
2.188e+07 2.239e+07  3.028e-02 
2.239e+07 2.291e+07  2.911e-02 
2.291e+07 2.344e+07  2.575e-02 
2.344e+07 2.399e+07  2.863e-02 
2.399e+07 2.455e+07  2.624e-02 
2.455e+07 2.512e+07  2.465e-02 
2.512e+07 2.570e+07  2.340e-02 
2.570e+07 2.630e+07  2.523e-02 
2.630e+07 2.692e+07  2.432e-02 
2.692e+07 2.754e+07  2.548e-02 
2.754e+07 2.818e+07  2.111e-02 
2.818e+07 2.884e+07  2.127e-02 
2.884e+07 2.951e+07  2.302e-02 
2.951e+07 3.020e+07  2.252e-02 
3.020e+07 3.090e+07  2.125e-02 
3.090e+07 3.162e+07  1.970e-02 
3.162e+07 3.236e+07  2.328e-02 
3.236e+07 3.311e+07  2.017e-02 
3.311e+07 3.388e+07  2.214e-02 
3.388e+07 3.467e+07  2.247e-02 
3.467e+07 3.548e+07  2.117e-02 
3.548e+07 3.631e+07  2.095e-02 
3.631e+07 3.715e+07  2.063e-02 
3.715e+07 3.802e+07  1.831e-02 
3.802e+07 3.890e+07  1.977e-02 
3.890e+07 3.981e+07  1.933e-02 
3.981e+07 4.074e+07  1.962e-02 
4.074e+07 4.169e+07  1.795e-02 
4.169e+07 4.266e+07  1.790e-02 
4.266e+07 4.365e+07  1.715e-02 
4.365e+07 4.467e+07  1.888e-02 
4.467e+07 4.571e+07  1.826e-02 
4.571e+07 4.677e+07  1.516e-02 
4.677e+07 4.786e+07  1.897e-02 
4.786e+07 4.898e+07  1.771e-02 
4.898e+07 5.012e+07  1.669e-02 
5.012e+07 5.129e+07  1.521e-02 
5.129e+07 5.248e+07  1.668e-02 
5.248e+07 5.370e+07  1.492e-02 
5.370e+07 5.495e+07  1.663e-02 
5.495e+07 5.623e+07  1.611e-02 
5.623e+07 5.754e+07  1.465e-02 
5.754e+07 5.888e+07  1.367e-02 
5.888e+07 6.026e+07  1.459e-02 
6.026e+07 6.166e+07  1.425e-02 
6.166e+07 6.310e+07  1.383e-02 
6.310e+07 6.457e+07  1.382e-02 
6.457e+07 6.607e+07  1.497e-02 
6.607e+07 6.761e+07  1.283e-02 
6.761e+07 6.918e+07  1.332e-02 
6.918e+07 7.079e+07  1.187e-02 
7.079e+07 7.244e+07  1.207e-02 
7.244e+07 7.413e+07  1.272e-02 
7.413e+07 7.586e+07  1.178e-02 
7.586e+07 7.762e+07  1.283e-02 
7.762e+07 7.943e+07  1.057e-02 
7.943e+07 8.128e+07  1.080e-02 
8.128e+07 8.318e+07  1.015e-02 
8.318e+07 8.511e+07  9.755e-03 
8.511e+07 8.710e+07  9.312e-03 
8.710e+07 8.913e+07  9.610e-03 
8.913e+07 9.120e+07  9.844e-03 
9.120e+07 9.333e+07  9.193e-03 
9.333e+07 9.550e+07  8.657e-03 
9.550e+07 9.772e+07  8.066e-03 
9.772e+07 1.000e+08  8.461e-03 
1.000e+08 1.023e+08  7.640e-03 
1.023e+08 1.047e+08  8.420e-03 
1.047e+08 1.072e+08  7.738e-03 
1.072e+08 1.096e+08  6.829e-03 
1.096e+08 1.122e+08  7.514e-03 
1.122e+08 1.148e+08  6.879e-03 
1.148e+08 1.175e+08  6.118e-03 
1.175e+08 1.202e+08  6.194e-03 
1.202e+08 1.230e+08  6.322e-03 
1.230e+08 1.259e+08  6.243e-03 
1.259e+08 1.288e+08  5.538e-03 
1.288e+08 1.318e+08  5.704e-03 
1.318e+08 1.349e+08  6.014e-03 
1.349e+08 1.380e+08  5.222e-03 
1.380e+08 1.413e+08  5.491e-03 
1.413e+08 1.445e+08  4.725e-03 
1.445e+08 1.479e+08  4.007e-03 
1.479e+08 1.514e+08  3.985e-03 
1.514e+08 1.549e+08  3.676e-03 
1.549e+08 1.585e+08  3.867e-03 
1.585e+08 1.622e+08  3.539e-03 
1.622e+08 1.660e+08  3.753e-03 
1.660e+08 1.698e+08  3.010e-03 
1.698e+08 1.738e+08  3.059e-03 
1.738e+08 1.778e+08  2.903e-03 
1.778e+08 1.820e+08  3.018e-03 
1.820e+08 1.862e+08  2.681e-03 
1.862e+08 1.905e+08  2.242e-03 
1.905e+08 1.950e+08  2.345e-03 
1.950e+08 1.995e+08  1.998e-03 
1.995e+08 2.042e+08  2.146e-03 
2.042e+08 2.089e+08  2.055e-03 
2.089e+08 2.138e+08  1.838e-03 
2.138e+08 2.188e+08  2.077e-03 
2.188e+08 2.239e+08  1.482e-03 
2.239e+08 2.291e+08  1.435e-03 
2.291e+08 2.344e+08  1.209e-03 
2.344e+08 2.399e+08  1.414e-03 
2.399e+08 2.455e+08  1.126e-03 
2.455e+08 2.512e+08  1.009e-03 
2.512e+08 2.570e+08  9.848e-04 
2.570e+08 2.630e+08  1.051e-03 
2.630e+08 2.692e+08  8.114e-04 
2.692e+08 2.754e+08  6.026e-04 
2.754e+08 2.818e+08  6.898e-04 
2.818e+08 2.884e+08  5.498e-04 
2.884e+08 2.951e+08  6.581e-04 
2.951e+08 3.020e+08  6.516e-04 
3.020e+08 3.090e+08  4.849e-04 
3.090e+08 3.162e+08  4.891e-04 
3.162e+08 3.236e+08  4.112e-04 
3.236e+08 3.311e+08  5.406e-04 
3.311e+08 3.388e+08  4.411e-04 
3.388e+08 3.467e+08  4.073e-04 
3.467e+08 3.548e+08  4.281e-04 
3.548e+08 3.631e+08  3.182e-04 
3.631e+08 3.715e+08  2.346e-04 
3.715e+08 3.802e+08  3.056e-04 
3.802e+08 3.890e+08  2.889e-04 
3.890e+08 3.981e+08  1.925e-04 
3.981e+08 4.074e+08  1.793e-04 
4.074e+08 4.169e+08  2.304e-04 
4.169e+08 4.266e+08  7.839e-05 
4.266e+08 4.365e+08  9.744e-05 
4.365e+08 4.467e+08  1.344e-04 
4.467e+08 4.571e+08  8.199e-05 
4.571e+08 4.677e+08  1.597e-04 
4.677e+08 4.786e+08  1.384e-04 
4.786e+08 4.898e+08  8.737e-05 
4.898e+08 5.012e+08  7.518e-05 
5.012e+08 5.129e+08  4.717e-05 
5.129e+08 5.248e+08  8.441e-05 
5.248e+08 5.370e+08  7.039e-05 
5.370e+08 5.495e+08  1.644e-10 
5.495e+08 5.623e+08  4.184e-05 
5.623e+08 5.754e+08  3.898e-05 
5.754e+08 5.888e+08  4.345e-05 
5.888e+08 6.026e+08  2.635e-05 
6.026e+08 6.166e+08  1.466e-10 
6.166e+08 6.310e+08  1.213e-10 
6.310e+08 6.457e+08  1.546e-05 
6.457e+08 6.607e+08  1.716e-05 
6.607e+08 6.761e+08  1.132e-10 
6.761e+08 6.918e+08  1.826e-05 
6.918e+08 7.079e+08  1.885e-05 
7.079e+08 7.244e+08  1.393e-05 
7.244e+08 7.413e+08  1.110e-10 
7.413e+08 7.586e+08  1.191e-10 
7.586e+08 7.762e+08  1.231e-10 
7.762e+08 7.943e+08  1.138e-10 
7.943e+08 8.128e+08  1.013e-10 
8.128e+08 8.318e+08  9.202e-11 
8.318e+08 8.511e+08  1.008e-10 
8.511e+08 8.710e+08  9.451e-11 
8.710e+08 8.913e+08  8.588e-11 
8.913e+08 9.120e+08  9.908e-11 
9.120e+08 9.333e+08  1.470e-05 
9.333e+08 9.550e+08  9.463e-11 
9.550e+08 9.772e+08  8.423e-11 
9.772e+08 1.000e+09  1.022e-10 
