# Input Table           : inputs/input_NEAR_N14
# Resolved Spectrum(s)  : NEAR-SKopanos-wmod-20cm
# F_ms Correction Mode  : Auto-detect per sample line (tempfiles/fms_*.dat)
# NEAR Variant Option   : NEAR-SKopanos-wmod-20cm
# Neutron Flux Shape    : 1/E
# SACS Engine           : Python (calculate_sacs3.py)
# SACS Target Isotope   : Au197
# SACS Sample Material  : Au
# SACS Bins per Decade  : 200
# SACS Binning Mode     : 0 (Master grid)
# SACS Extrapolation    : 1
# SACS Interp Flag      : 1/E
#1          2         3    4     5          6        7        8         9          10         11         12         13             14           15          16          17         18    
#area      sample    line react fthick[mm] mass[g]  diam[mm] thick[mm] SACS[b]    f-SACS[b]  ssf-SACS[b] ms-SACS[b] n_tot_sample   A0[Bq/g]     Cgam_calc   Cgam_exp    Ratio(C/E) BIF   
#########################################################################################################################################################################################
NEAR       CC1_12cm  11   ng    0.00       0.0512   13.0     0.0199    30.290     30.290     19.510     20.290     3.737e+13      2.771e+06    1.688e+05   2.282e+05   0.740      1.0000
NEAR       CC1_9cm   11   ng    0.00       0.0512   13.0     0.0199    30.290     30.290     19.510     20.290     3.737e+13      2.771e+06    2.684e+05   3.547e+05   0.757      1.0000
NEAR       AGF_12cm  11   ng    0.00       0.0520   13.0     0.0203    30.290     30.290     19.430     20.210     3.737e+13      2.760e+06    1.713e+05   2.447e+05   0.700      1.0000
NEAR       AGF_9cm   11   ng    0.00       0.0520   13.0     0.0203    30.290     30.290     19.430     20.210     3.737e+13      2.760e+06    6.690e+06   9.277e+06   0.721      1.0000
NEAR       BD9_12cm  11   ng    0.00       0.0520   13.0     0.0203    30.290     30.290     19.430     20.210     3.737e+13      2.760e+06    1.710e+05   2.377e+05   0.719      1.0000
NEAR       BD9_9cm   11   ng    0.00       0.0520   13.0     0.0203    30.290     30.290     19.430     20.210     3.737e+13      2.760e+06    2.734e+05   3.721e+05   0.735      1.0000
NEAR       B2        11   ng    10.00      0.0490   13.0     0.0191    30.290     0.358      0.356      0.358      1.720e+13      2.077e+04    7.821e+04   4.504e+05   0.174      1.0000
NEAR       C2        11   ng    10.00      0.0480   13.0     0.0187    30.290     0.358      0.356      0.358      1.720e+13      2.077e+04    6.395e+04   4.495e+05   0.142      1.0000
NEAR       A2        11   ng    10.00      0.0506   13.0     0.0197    30.290     0.358      0.356      0.358      1.720e+13      2.076e+04    8.895e+04   6.416e+05   0.139      1.0000
NEAR       B2        21   n2n   10.00      0.0490   13.0     0.0191    0.026      0.051      0.051      0.051      1.720e+13      1.880e+03    9.545e+03   1.965e+04   0.486      1.0000
NEAR       C2        21   n2n   10.00      0.0480   13.0     0.0187    0.026      0.051      0.051      0.051      1.720e+13      1.880e+03    8.640e+03   1.720e+04   0.502      1.0000
NEAR       A2        21   n2n   10.00      0.0506   13.0     0.0197    0.026      0.051      0.051      0.051      1.720e+13      1.880e+03    1.029e+04   2.082e+04   0.494      1.0000
NEAR       C4        11   ng    15.00      0.0519   13.0     0.0202    30.290     0.262      0.262      0.263      1.559e+13      1.304e+04    3.830e+04   3.558e+05   0.108      1.0000
NEAR       C4_redo   11   ng    15.00      0.0524   13.0     0.0204    30.290     0.262      0.262      0.263      1.559e+13      1.303e+04    1.869e+04   1.732e+05   0.108      1.0000
NEAR       A4        11   ng    15.00      0.0510   13.0     0.0199    30.290     0.262      0.262      0.263      1.559e+13      1.304e+04    1.134e+05   1.162e+06   0.098      1.0000
NEAR       B4        11   ng    15.00      0.0541   13.0     0.0211    30.290     0.262      0.262      0.263      1.559e+13      1.304e+04    4.188e+04   4.002e+05   0.105      1.0000
NEAR       B4_redo   11   ng    15.00      0.0541   13.0     0.0211    30.290     0.262      0.262      0.263      1.559e+13      1.304e+04    5.152e+03   4.908e+04   0.105      1.0000
NEAR       B4_12cm   11   ng    15.00      0.0541   13.0     0.0211    30.290     0.262      0.262      0.263      1.559e+13      1.304e+04    2.951e+03   2.824e+04   0.105      1.0000
NEAR       C4        21   n2n   15.00      0.0519   13.0     0.0202    0.026      0.061      0.060      0.061      1.560e+13      1.958e+03    9.424e+03   1.990e+04   0.473      1.0000
NEAR       C4_redo   21   n2n   15.00      0.0519   13.0     0.0201    0.026      0.061      0.060      0.061      1.560e+13      1.958e+03    4.644e+03   9.878e+03   0.470      1.0000
NEAR       A4        21   n2n   15.00      0.0520   13.0     0.0203    0.026      0.061      0.060      0.061      1.560e+13      1.958e+03    2.562e+04   5.423e+04   0.472      1.0000
NEAR       B4        21   n2n   15.00      0.0541   13.0     0.0211    0.026      0.061      0.060      0.061      1.560e+13      1.958e+03    1.003e+04   2.152e+04   0.466      1.0000
NEAR       B4_redo   21   n2n   15.00      0.0541   13.0     0.0211    0.026      0.061      0.060      0.061      1.560e+13      1.958e+03    2.716e+03   5.842e+03   0.465      1.0000
NEAR       B4_12cm   21   n2n   15.00      0.0541   13.0     0.0211    0.026      0.061      0.060      0.061      1.560e+13      1.958e+03    2.469e+03   3.790e+03   0.651      1.0000
NEAR       AGF       11   ng    30.00      0.0528   13.0     0.0206    30.290     0.140      0.140      0.140      1.520e+13      4.029e+03    3.336e+04   9.301e+05   0.036      1.0000
NEAR       CC1       11   ng    30.00      0.0495   13.0     0.0193    30.290     0.140      0.140      0.140      1.520e+13      4.029e+03    7.863e+03   2.519e+05   0.031      1.0000
NEAR       BD9       11   ng    30.00      0.0520   13.0     0.0203    30.290     0.140      0.140      0.140      1.520e+13      4.029e+03    6.336e+03   1.757e+05   0.036      1.0000
NEAR       AGF       21   n2n   30.00      0.0528   13.0     0.0206    0.026      0.089      0.089      0.089      1.516e+13      2.054e+03    2.390e+04   6.440e+03   3.711      1.0000
NEAR       CC1       21   n2n   30.00      0.0495   13.0     0.0193    0.026      0.089      0.089      0.089      1.516e+13      2.054e+03    6.124e+03   1.619e+04   0.378      1.0000
NEAR       BD9       21   n2n   30.00      0.0520   13.0     0.0203    0.026      0.089      0.089      0.089      1.516e+13      2.054e+03    5.002e+03   1.404e+04   0.356      1.0000
